"game_name","2018/01","2018/02","2018/03","2018/04","2018/05","2018/06","2018/07","2018/08","2018/09","2018/10","2018/11","2018/12","2019/01","2019/02","2019/03","2019/04","2019/05","2019/06","2019/07","2019/08","2019/09","2019/10","2019/11","2019/12"
"Total",658306170,808166530,854057139,830917193,823470654,825578476,853983057,879278472,846283238,883594830,854860585,925440720,995493657,1026733731,974419105,942199674,1001160372,939978093,938499124,986127236,838582183,705548087,652728738,696768621
"Honour of Kings",105778035,119547450,108085335,101019227,103512602,101110685,108753512,110783234,105930327,110903018,98474178,103602580,111099470,113771425,92402335,94093158,97732417,95237001,102098261,106375481,86252065,101721357,108545634,110995291
"Fantasy Westward Journey",43522618,60644220,72125520,73083610,76357257,74732557,78722064,61215535,73822932,76398184,79739474,84467532,83207050,77186251,73472641,71246918,67439191,73421392,55071102,62823418,61779774,56138480,48590582,53565734
"QQ Speed",65419108,78768064,78506147,52460944,35879910,34828907,41078425,27113111,23850431,32239641,19901615,33936572,44180807,60788538,33062160,25012461,24949902,26520720,14011098,21211077,8571894,9680095,5027024,5405171
"Game For Peace",0,0,0,0,0,0,0,0,0,0,0,0,0,0,0,0,71822417,86808860,87269801,82123394,79564952,94085772,77216950,73800880
"Westward Journey Online",16363144,17025877,25170078,23616522,26706252,24995652,23988887,19836711,22072737,28785380,37342401,38054444,44578368,28145402,38535794,35371238,26570855,25848618,19823275,24100530,24685582,15817520,17328538,10732277
"Onmyoji",8710525,21788217,19351698,23277422,24045127,8418740,20003958,23527344,22843050,26452560,29662900,32072355,27640517,51807695,27223827,23229937,33982007,30888204,15783650,23957710,28907471,13799330,25318580,17129660
"Kingdom Craft",13196841,12013978,23665074,32413421,28246394,28432547,21035017,19407270,20398705,19350142,19570031,16483975,33354577,23175390,24562774,18401362,22666830,12341860,9488371,10861230,7199328,5311721,5630301,4746221
"A Dream of Jianghu",3920155,42941194,51653992,52878502,33906291,21566102,22461287,19646335,20334971,11419385,8258232,14831411,17336874,17409011,13436615,13132740,10588335,9827017,8918064,7213331,6298228,4945301,4348242,4896354
"Perfect World",0,0,0,0,0,0,0,0,0,0,0,0,0,0,84495581,91406718,76675760,53508720,34156797,17887070,19620457,7395911,12852771,7045430
"Ghost",16376572,14607137,21013861,21155207,27118354,19302117,19989312,13246402,16675227,17145841,18149192,21925321,25187667,20539567,18316044,17480754,16490232,13426224,14304417,12729505,10259735,7459232,6091024,5821252
"QQ Dancer",0,0,21894968,24144195,32350998,23663068,19744434,16875008,15828268,20723457,16850451,17323382,28387708,30805410,19246905,17694805,14697601,12206208,17621798,13389542,5979362,5316367,6203061,5074490
"All Within The Boundaries",5220832,5573908,9162890,10569295,9259550,12495217,9015654,8006637,7635075,11437041,9155400,10779515,22091420,21959502,28348180,30278230,22389948,23008434,17124447,18831480,14528991,13710311,13654405,13486702
"The Demi-Gods and Semi-Devils Mobile",11862945,10554352,17563460,16388008,18187801,19693477,19928477,13457051,14159170,14164838,14403982,15730492,17098185,15259714,16899558,17155107,15182425,10966615,11116121,11020425,10214538,8630352,9406552,8606521
"CrossFire",13158120,21754224,12989105,12380974,10436105,8806528,15151658,13294370,12994892,13028751,11298834,21168565,16985092,22403042,16332817,17223681,15907034,11957325,15946572,14812678,6742131,3426820,6800252,6278072
"Shenwu 4",6802178,7744162,8313371,8931118,0,9677494,12427317,10554160,11903305,13355084,14099728,16216300,18193947,18274345,20611582,20062820,16052504,16397078,13423738,11777207,9808268,9760322,10308211,9830082
"Fate/Grand Order",13159742,27403810,9947562,11158907,5386521,17530201,3906018,5363982,13783600,22892328,8933745,7049974,21052914,33221725,15199601,7766994,5623860,3112901,4735205,12027302,29931238,1936111,1854605,6003295
"Anipop",8610501,9152372,11985788,11734660,11014900,12100788,13064752,10672370,9620590,11618451,12625082,12230008,13750724,13006187,17747140,22631345,19252857,18592394,12383931,11293672,8674601,5475617,5219747,5164862
"JX online",9973988,8828682,13811518,13881537,15266265,15191514,20724107,11628991,11624644,10977778,11483052,15138401,17416670,12270957,13555142,15003647,11262961,10417484,9480577,9019728,7808568,4908064,5293811,5748258
"Naruto Mobile",9879022,7792447,9045062,10203697,12453680,9085037,8485491,7895584,9516102,8346450,9918012,7404717,24786688,18831811,10370951,18531285,17193387,12588864,9149752,11458732,13076071,10175251,7859092,7851410
"LifeAfter",0,0,0,0,0,0,0,0,0,0,41736920,52806730,34351395,29376711,35482357,15557732,12002435,6508304,5849662,6559154,5359491,5047395,6710202,4429135
"Langrisser",0,0,0,0,0,0,0,40034260,40567818,31821164,21695772,17673164,17322617,20574754,12782792,9391421,10692871,7392911,5473147,9006032,5679172,4021998,2677038,2797141
"Contra: Return",11051075,15564577,15010412,15623038,13237898,16485180,9849560,10749540,8961952,7747305,7648705,5599771,14889480,16552582,13467365,10750132,9812855,11567041,7829042,9929395,4797495,4537392,4577601,4050268
"Honkai Impact 3",5744245,13524392,9077434,10693424,16739482,11692347,9417910,15950997,9412544,7869800,13066027,10959802,12636964,21926458,11911782,8507194,5840045,6457088,10311884,7126044,7060717,14240948,5049477,3581328
"I am MT 4",0,0,0,0,0,0,13814000,75743878,48421397,22513721,17752408,13975798,11464031,6862440,5046865,4381302,3909440,3413571,3341545,3223245,2203501,1805297,1767637,1644417
"Red Alert OL",0,0,0,0,0,0,0,0,0,20129072,27668838,29255282,28168255,20109641,21170441,21919448,19083640,14411430,9000381,7678808,5820532,4548898,4520798,4555861
"Landlord Poker",6938394,8759800,12424211,8539420,9834678,9238265,10273304,9336478,8557847,9674014,8672091,9796230,11350901,10467314,10206611,9902502,8205702,7206908,6733355,8043130,9331194,4822502,4280725,4427175
"MU Awakening",38069295,27106337,23742574,21351892,14912417,10202601,9107141,8603435,6235112,5492445,3628898,4804414,3962622,2625314,2930765,2889808,2291174,2278270,3216410,2194601,1935027,1309015,1464391,1664722
"Arknights",0,0,0,0,0,0,0,0,0,0,0,0,0,0,0,0,52373451,43221020,28364462,22304934,18822818,9814097,11324005,7963834
"AskTao",5875457,5775768,7048731,7247894,8675544,6919264,6537361,6715918,8206345,10301412,11062332,10977372,10008965,7600275,8531115,13483882,13094750,9374147,6800085,6336151,5634185,4619058,4039022,3860874
"CrazyRacing KartRider",0,0,0,0,0,0,0,0,0,0,0,0,0,0,0,0,0,0,62810965,57182892,35714128,17626621,7150895,5703517
"The Continent of Wind",0,0,0,0,0,0,22343558,18467614,14294065,18376791,9897768,12170647,10889222,13366345,12621114,13720885,8016460,7549140,6713835,4875745,3343505,2614844,2285087,2004375
"Lords Mobile",6683461,7425765,11038911,11348402,12653012,9678888,8387907,7435364,6978908,6602131,5717215,6448757,7062045,6529864,5972512,5572050,6605484,5452170,4799598,4047811,3683268,2696934,2544441,2512727
"Freedom Fantasy",0,0,0,0,0,0,48720794,23863322,16240005,10108900,7369922,4578707,5913138,5425204,5464535,4074047,4105528,2588878,3296482,2744720,2571292,2051430,1988345,1968514
"Saint Seiya : Awakening",0,0,0,0,0,0,0,42693144,22307092,11634598,11746338,3399260,5913680,10913255,6518490,6775935,8875485,4356204,3195034,4849747,2009102,2133204,2029442,2137131
"Sangokushi Strategy",0,0,0,0,0,0,0,0,0,0,0,0,0,0,0,0,0,0,0,0,13294187,47682681,35702141,49757724
"Idle Heroes",1566345,2559345,6086168,7513635,8038892,8423514,5051855,4186470,6199022,5338970,6895420,7324961,4528648,9946268,7545008,9920721,5719191,9320400,3051605,3456624,3139122,4534765,5857845,6005037
"Total Warfare – Epic Kingdoms",5257587,5424704,6525664,7785104,5838075,6476040,5873585,6234267,7011357,6038334,4727365,5342522,9759950,6874107,5103518,5619467,6646805,5677675,6310647,10122844,4869691,3347954,2547870,2551811
"Lord of the City",0,0,0,0,0,0,0,0,0,0,0,0,3584331,33943005,24048178,18307441,18028608,14526640,7369727,7822131,4893784,3371888,2696425,2396202
"Jade Dynasty",4421824,5264977,6243405,5963822,6614204,8175707,7166380,6779877,6047105,5714584,5481388,5016585,7023498,5954564,4535367,4720960,4388914,6416545,5176388,5143391,3653855,3295625,3682825,3550408
"Royal Chaos",2782650,4147384,5925314,4264397,6268901,7847892,7731224,7153968,5883292,5744890,5250761,6121092,6464424,6819795,6414530,6721107,6725880,5295718,4701875,4823414,3690031,2800054,2693468,2626105
"FIFA Soccer",0,0,0,0,11429691,23816980,13346532,8183050,8338004,3958528,2732448,2761307,2854537,4158534,4011928,4440941,4410920,4914710,5429802,5763215,4379920,4120288,3562331,4397651
"Art of Conquest",0,1436667,2136331,3361541,3818788,7105934,6112158,6805754,6629427,6204152,6995777,6818020,8320388,7971977,8327548,8539908,6914452,5571651,4013872,3743242,4084952,2848877,2808420,2264118
"Dragon Raja",0,0,0,0,0,0,0,0,0,0,0,0,0,0,0,0,0,0,33880160,38062282,28186921,9892802,4496990,4611055
"God of Night",0,0,0,0,0,0,0,0,14385831,34054237,13654700,7025121,9616731,8908431,4517924,4864997,3428407,2805967,2331980,2140615,3207301,2430038,1849802,1621658
"Authorization of Mu",0,0,0,0,0,0,0,0,0,0,0,0,0,0,0,0,0,0,19088978,35596095,34195674,20264390,2154401,0
"Ninja Must Die 3",0,0,0,0,0,0,0,0,1730494,2334691,2071130,2171604,10469894,16110965,17315108,11434520,7259902,6912051,8091298,7674052,3872550,3225268,2523860,3151482
"One Piece Burning Will",0,0,0,0,0,0,0,0,7022137,23030807,13385020,12151954,7640987,8765501,5087072,4186017,4093068,2541458,3471245,2659335,3081071,2405044,2471111,2632395
"Fights Break Spheres",0,0,0,0,0,0,0,0,13281140,29067412,15349452,16256864,7153914,5072871,4090000,3581838,2981134,0,0,0,0,2543191,2445878,2166325
"King of Kings",0,0,0,0,0,0,0,8203655,24100315,14608450,14105408,8453648,6658041,5247760,5077792,4084484,3515965,2245281,2159424,1834898,1633961,0,0,0
"Knives Out",5931762,19610007,18242435,9189220,7279114,6771158,5615794,5428298,5366474,3349281,2887798,1962200,2162995,1686845,1801277,0,0,0,0,1631170,0,0,0,0
"Hearthstone: Heroes of Warcraft",2364292,4753311,7627037,6049537,1808035,4752308,7372475,5833262,2357744,3831297,4373551,7186634,2543570,2527791,5976257,6599978,3073028,2600294,3105594,3928637,2365865,1672174,2872291,2331615
"QQMahjong",2940915,3216401,4432524,3945718,4613171,4351334,4451887,4566604,3850250,3931571,3706224,4348874,6284978,5482624,6346844,4656665,4339415,3706100,3282400,3544510,3477121,2540261,2256650,2368398
"Love and Producer",15039210,13718477,6062130,7600572,12143608,3499831,5003594,3210397,1174784,1949080,1173930,3372032,4785778,3599885,2804545,2131070,1633340,0,0,2069244,1337115,1342162,0,0
"Samurai Spirits",0,0,0,0,0,0,0,0,0,0,0,33794672,23399718,10449498,8244948,5576931,2278112,0,1988781,1800541,1655315,0,1439815,0
"Naruto OL",0,0,0,0,0,0,0,0,0,0,30185930,22427534,10252950,9718938,4552200,5701991,5192811,0,0,0,0,0,0,0
"Craz3 Match",4616497,5143140,5919268,4234597,4230954,4035030,4293368,3875694,3764372,3762602,3071567,3415635,3890678,3389774,3471371,3149264,3401280,3231567,3296360,3468831,2830597,2259845,2133502,2140242
"Clash Royale",2447590,3919644,3313188,4525002,3116244,3012064,2675585,3127048,3403180,3283168,3952057,5339691,3736797,6387702,3770302,4153171,3693718,3511515,4112491,3605821,2295237,2103767,1805967,2001658
"Angel Era",8910352,5846998,9472080,10226247,11644414,7997465,5846491,3887900,2879530,2620100,1841128,1674402,2060341,1892084,1884094,1780247,1453032,1163092,0,0,0,0,0,0
"JJ Doudizhu",3408684,4229935,3910134,4258667,2699222,2222410,2468708,2998401,3678502,4625177,4762515,5572084,6418815,5900734,5159254,4621622,3406075,0,0,1456951,2873654,2197068,2513658,2945875
"Let’s Hunt Monsters",0,0,0,0,0,0,0,0,0,0,0,0,0,0,0,23035552,25877021,14004464,5353280,3335135,1570350,1531624,0,1558835
"QQ华夏",0,0,5630154,12556532,9901088,5580574,4459484,4103981,2922067,2893522,2477687,3695234,2579175,1839122,2978792,1713594,1740837,1260925,1599404,2166971,1408228,1477565,1474601,1602961
"Cross Gate",0,0,0,0,0,37103228,17981352,5138278,2637485,2134967,2126311,1474577,0,0,1877477,1440704,2487808,1501325,0,0,0,0,0,0
"Clash of Clans",1811817,2083164,2483122,1801122,1864297,3407705,2109564,3031565,2237605,2796340,2810822,3343655,2581478,3099908,2660325,4413090,4428208,5199317,4945701,5123751,2948802,2401001,2477171,4583141
"The Soul Land",0,0,0,0,0,0,0,0,0,0,0,0,3335897,7819170,11031121,7134661,6891768,8263377,9171482,7976312,4318084,3860475,2180918,1945557
"Identity V",0,0,0,12329184,7361284,4104560,4688391,3487964,3079414,2194438,2001102,2538052,2617805,2876741,2512400,3304587,2621015,2678431,2616331,4323495,2458748,1700060,2366730,2003840
"Legend of Xuanyuan",3837948,4131661,5582391,5961177,5511671,4180822,3906697,3863880,2967138,2745707,2498458,2625420,2713740,2784505,2371905,2248020,2114465,1485781,2330598,2090024,2023882,1678452,1769050,1639570
"XunXian",5424522,4176584,5182634,4610665,4418017,4407198,4616700,3823791,3064314,3467130,2763904,2063678,2549917,1973844,2197658,1941152,1824182,1542727,1860914,1721840,1511748,1474537,1580058,1861971
"Return of the Condor Heroes 2",0,0,0,0,0,0,0,0,0,0,0,0,0,0,0,0,0,0,5249618,30589122,18562461,6693234,4684947,3563852
"Fantasy Zhu Xian",4345928,4047250,4586364,3650428,4728144,2705218,4164418,3645951,3061947,3083074,2547975,3628815,2822595,1955018,2548918,2670332,2232394,1891014,2344848,1651398,2092780,1411138,1491985,1803177
"Archangel Sword H5",5865494,6279160,6930921,6616744,6851005,5214955,3502855,2959260,2628771,2388042,1886678,1964747,2091458,1827584,1776025,1784392,1981418,1624990,1537610,0,1452257,0,0,0
"Dragon Nest",3772882,3161587,5178887,4638275,5096620,4141768,4348342,4945824,4057131,3474770,3008605,3278162,3219050,2407620,3576242,2508961,2036565,1607648,1577207,0,0,0,0,0
"My Own Swordsman",0,0,0,0,0,35948791,9070490,4722865,2455005,1826241,1533127,1522481,1388457,1505870,1790107,1368122,0,0,0,0,0,0,0,0
"Shining Nikki",0,0,0,0,0,0,0,0,0,0,0,0,0,0,0,0,0,0,0,22738865,16147557,6228978,11330058,4576644
"Hand tour of palace",0,0,0,0,2798620,4052355,4875242,4341035,3977330,3674652,3116368,3130675,3507347,3032972,2889567,2677181,2393532,2035340,2165057,2343960,2162140,1789830,1669311,1513195
"Legend of Yulong",3679968,3185845,3898510,2789942,2453952,2780470,2598818,3201754,2436957,2909352,2032574,2372484,2784530,1851891,2025004,1990392,2074828,1802845,1749407,2389290,1693825,1656171,1517464,1508264
"Gardenscapes - New Acres",2139391,2734594,3557358,2918334,2666015,2722811,2920905,2841912,2657261,2757292,2129970,2872998,2622255,2012681,2168875,2403602,2050925,1868318,2107270,1916804,1738040,1478825,1591694,1816110
"Stone Age M",0,0,0,0,0,0,0,0,0,0,0,0,0,0,0,0,0,0,15875572,18196188,10024655,4923348,3582974,3372554
"Calabash Brothers",3525535,3038070,3510970,4188401,3272848,2823042,2705055,2222201,2281954,2222141,0,0,0,0,0,7480528,3398492,2879091,3009220,1912250,0,1433957,2028470,2157238
"eFootball PES 2020",0,0,0,0,0,0,4719160,4437187,3377290,3541372,4127538,2511674,2510312,4316685,1973260,2576218,2561935,2521790,3636457,3109707,1590621,1486130,1372638,2049617
"Last Shelter: Survival",0,0,0,0,0,0,0,0,0,0,0,0,0,0,0,0,0,2211475,3713490,11424975,11842411,9872231,7296798,6011462
"Zhengtu",2895581,3188342,3079924,2473901,2148094,1964112,1711752,1731857,1735522,1431244,1504744,1960585,1860178,1568244,2403817,2087138,2722582,2630312,2037632,2978550,2240100,1642941,2019154,2329121
"Brutal Age: Horde Invasion",3411851,3700024,3592702,3470357,3045904,2593558,2164838,1853577,1823390,2637044,2465461,2217595,2985838,2535188,3174124,2337075,2121515,1324312,1451170,0,0,1310892,0,0
"One Punch Man",0,0,0,0,0,0,0,0,0,0,0,0,0,0,0,0,0,17474600,17472734,7116010,3066851,2195765,1885644,0
"Battle of Balls",2008654,4248151,3059080,2751034,3050890,2831424,3010828,2654805,2064877,1646630,1928145,2233197,2027551,2108352,1531350,1468538,2201000,1483680,1529420,1944005,1344877,0,0,1618541
"King of Avalon: Dragon Warfare",3662908,2674597,3063004,2606634,2962147,2585058,1752018,1633002,1796487,1762118,1666990,1876837,1753375,1453002,1530277,1546430,1566050,1635902,1907065,1803084,1982402,1587292,1510588,1585107
"The best NBA",2794084,4276187,2184321,2479831,3256432,2450931,2258282,2123631,1925494,2255284,1586354,1428328,2878542,1788154,1911365,1965818,1970914,1924498,1423974,0,1448858,1602042,0,0
"Fairy Tail: Magic Guide",0,0,0,0,0,0,0,0,0,0,0,0,0,0,0,0,4353224,23485475,9064225,4249395,2733780,1513255,0,0
"We Fly",3738947,7734074,3828184,2547318,2724321,2432657,1964702,1591515,1442148,1454744,0,1664337,1540470,3706525,1442484,1841864,1619450,2131861,1345991,0,0,0,0,0
"Demon Seals",3538881,3054057,3536031,3370838,3264011,2705751,2180272,2607372,2395057,2229947,1532598,1625935,2406971,1541480,1487872,1444161,1419995,1159880,0,0,1367392,0,0,0
"Two Three Kingdoms: Turn-based",0,0,0,0,0,2269120,2424407,2907281,2843187,3361240,2654387,2981651,2763548,2655207,3130834,3823712,3222505,0,0,2716734,1690431,1710161,1401877,0
"Dragon ball fight",2379752,2535750,2632511,2703715,2046555,1799758,1842665,1979215,1527291,1679062,1489134,1626465,1504070,1930898,1715888,1856771,1871415,1576350,1615360,1557370,0,1505687,1496141,0
"Jelly Blast",2573315,2780441,2514085,1816110,1813515,1555080,1696560,1865692,1819651,1551522,1417767,1589314,1784975,1902735,1661938,1805624,2349485,1934158,2012184,1778582,1503982,0,0,0
"The game of power is coming",0,0,0,0,0,0,0,0,0,0,0,0,0,0,0,0,0,0,14471144,9388884,6502522,3095627,2855021,3269225
"The Epoch of Eternity",4291291,4394727,4682232,3523301,4107688,2931937,3446618,2696550,1829312,1970318,1633617,1409568,1383171,1279638,0,0,0,0,0,0,0,0,0,0
"ZT Online 2",0,0,0,2502195,2352125,1286981,0,0,0,1120655,1631397,1974797,2269467,2404542,2218715,3888927,2958268,2295201,2580062,2409205,1774560,1775275,1730298,0
"JX 3",0,0,0,0,0,0,0,0,0,0,0,0,0,0,0,0,0,16114877,8559137,3607944,2131694,1561978,2345598,2539798
"The King of Fighters' 98 Ultimate Match",2382707,2702050,2566941,1850407,1797077,1687831,2289327,1345912,0,1384872,1141657,1243917,1408410,1624178,1467525,1479068,1460921,1244690,1895684,1671311,0,1396477,1487205,0
"The Croods",0,0,0,0,0,0,0,0,0,0,0,0,0,4674882,11942871,6913111,3140917,3039047,2135194,1699180,1824768,0,0,0
"Homescapes",1423604,1920471,2285117,1841438,1484231,1291877,1409300,1445731,1212562,1342297,0,1278745,1313647,1605525,2038885,2344031,1937544,2074240,1772875,1956490,1678291,1590512,0,0
"Heroes of Might and Magic",2600104,2539911,3093412,2828958,2718178,2298955,2132384,2111044,1953057,1807525,1699935,1969861,1906021,1709638,1503415,0,0,1269607,0,0,0,0,0,0
"Summoners War",1390064,1492881,1786918,2287884,2197081,2268221,2260058,1679077,1987811,1740732,1667667,2296502,1845081,2013497,1463275,1716154,1591047,1665335,0,0,0,0,0,0
"The King of Fighters: Destiny",0,0,0,0,13666247,5824960,3415410,3607465,1174967,1672468,1236330,0,0,1504817,0,0,0,0,0,0,0,0,0,0
"Azur Lane",0,2052438,1192407,0,1441517,2785921,1460425,0,3065900,0,0,2814120,1339804,2023362,0,1574094,2352447,1626374,0,0,2727172,0,0,1748345
"Miracle Nikki",1944154,3962414,1497314,1719672,3080014,1532435,1968572,1927944,0,0,1239220,0,2655088,1876365,0,0,2211460,0,0,1753587,0,0,0,0
"Fighter of the Destiny",2556355,6432170,5473221,4303784,3148622,2195532,1966127,0,0,0,0,0,0,0,0,0,0,0,0,0,0,0,0,0
"Onmyoji Arena",2303280,1643367,0,0,0,1578331,1962585,0,0,1189282,0,0,5421351,1873547,0,1368044,0,0,4716287,1744228,0,0,0,2047012
"Dragon overlord",0,0,6941335,6606891,3826317,2789150,2522662,1533237,1167347,0,0,0,0,0,0,0,0,0,0,0,0,0,0,0
"Idle Adventurers",0,0,0,0,0,0,0,0,0,0,0,0,0,0,0,0,0,0,0,0,0,10757927,8528405,3834712
"Sanguosha",0,0,0,0,0,0,0,0,1254837,1286917,1237601,1451687,1672634,1707301,1454110,1656690,1609140,1502478,1536137,1939362,1456187,1512402,1479224,0
"Legend of Xi Fei",1841062,1908381,1837652,1426447,1535884,1966448,1652931,1668124,1658501,1869182,1283071,1338612,1348107,1399227,0,0,0,0,0,0,0,0,0,0
"Flowers In Forbidden City",0,0,0,0,0,0,0,0,0,0,0,0,0,2431518,2160534,2122682,2078757,1459791,1909251,2390324,2492174,1637372,1623067,1884305
"The Legend of Sword and Fairy 4",0,0,0,0,0,0,0,0,0,0,7954252,4842668,3303520,2231434,2244874,1449812,0,0,0,0,0,0,0,0
"Rules of Survival",3799110,5162474,5560600,3673314,2198400,1336664,0,0,0,0,0,0,0,0,0,0,0,0,0,0,0,0,0,0
"Thirty six strategies",0,0,0,0,0,0,0,2006755,2492724,3202848,2771071,2471524,2702691,2133025,1828327,1533880,0,0,0,0,0,0,0,0
"Rasiel",0,0,0,0,0,0,0,0,0,0,0,0,0,0,0,0,0,11333782,7348505,2100660,0,0,0,0
"Leader 2",0,11662324,2184471,2523418,1917782,1225765,0,0,0,0,0,0,0,0,0,0,0,0,0,0,0,0,0,0
"Legend of blue moon",0,0,0,0,0,0,0,0,0,0,0,0,0,0,0,0,12028137,2326972,1822714,1838862,1336352,0,0,0
"The Land of Glory",1915555,2394331,2695905,2906215,2344927,1741495,1410272,1327220,1199417,1158734,0,0,0,0,0,0,0,0,0,0,0,0,0,0
"Fantasy Westward Journey 3D",0,0,0,0,0,0,0,0,0,0,0,0,0,0,0,0,0,0,0,0,0,0,0,18950821
"Fire Like the Song",0,0,0,3277938,6440347,4157314,2264645,1450657,0,1280111,0,0,0,0,0,0,0,0,0,0,0,0,0,0
"The road of a strong maritime King",1579311,1666547,1649484,1614668,1544827,1471042,1446634,1369891,1556587,1436648,1210724,0,1801502,0,0,0,0,0,0,0,0,0,0,0
"Lost Decade",0,0,3688670,6199671,4054398,2415464,1677178,0,0,0,0,0,0,0,0,0,0,0,0,0,0,0,0,0
"Dragon eight glory Edition",0,0,0,0,0,0,0,0,0,0,0,0,0,0,0,0,0,0,0,0,5310128,4350177,4099720,4045805
"Call Me Emperor",0,1595517,1672161,1927548,1492498,0,0,0,0,0,0,0,0,0,0,0,1568978,1405624,1652392,1837460,1706738,1497984,1427607,0
"Soul Land New",0,0,0,0,0,0,0,0,0,0,0,0,0,0,0,2818025,3013394,0,0,2488904,2189508,2137095,2053151,1996441
"New Xiaoao",0,0,0,0,0,0,0,0,0,0,0,0,0,0,0,0,0,0,0,0,0,0,0,15825985
"MARVEL Future Fight",0,0,0,0,2674528,2477508,1844128,1484730,0,0,1507325,1235160,0,0,1236075,0,2141340,1192137,0,0,0,0,0,0
"Box Office Wonder",0,0,0,1245055,1610850,2375225,2364111,2744625,2375042,1311115,1323190,0,0,0,0,0,0,0,0,0,0,0,0,0
"Junior Three Kingdoms",1570382,1756504,1696290,1224831,0,0,0,0,0,1345532,1131875,1297692,1306077,1308020,1365594,1344510,0,0,0,0,0,0,0,0
"Food story",0,0,0,0,0,0,0,0,0,0,0,0,0,0,0,0,0,0,0,0,6095584,3744110,2635908,2252500
"Junior Three Kingdoms 2",0,0,0,0,0,0,0,0,0,0,0,0,0,0,0,0,0,0,0,0,0,0,0,14692117
"Two wonders of ancient Swords",3963584,10553991,0,0,0,0,0,0,0,0,0,0,0,0,0,0,0,0,0,0,0,0,0,0
"Glory of Cepheus",0,0,0,0,0,0,0,0,0,0,0,0,0,0,0,0,0,4236285,2801194,2112657,2023275,1657740,1362460,0
"Galaxy Battleship",0,0,0,0,0,0,0,0,1309031,2615930,2465604,1596012,0,1344772,2471890,2348827,0,0,0,0,0,0,0,0
"Meteor, Butterfly, Sword",0,0,0,0,0,0,0,2939638,2475717,1131984,1961531,1236132,1244440,1467865,1280580,0,0,0,0,0,0,0,0,0
"Wang Qihang",0,0,1389381,1259490,1347702,1275661,1208427,0,0,0,1226112,0,1404662,0,1257418,1365605,0,0,0,1980997,0,0,0,0
"Yulgang Mobile",7066237,4044348,2553834,0,0,0,0,0,0,0,0,0,0,0,0,0,0,0,0,0,0,0,0,0
"Crossing Void",0,0,0,0,0,0,0,8892804,2361022,1089794,1301454,0,0,0,0,0,0,0,0,0,0,0,0,0
"if time could stop at the moment when we first met",0,0,0,0,0,0,0,0,0,0,0,0,0,0,0,0,0,0,0,2482120,2948081,2692844,2624625,2351820
"Swordsman world 2",0,0,0,0,0,0,8281145,3334397,1453865,0,0,0,0,0,0,0,0,0,0,0,0,0,0,0
"Tale of Wuxia",0,0,0,0,0,1129498,2319235,1813398,1705052,1528180,1205791,0,0,0,0,1669621,0,1606004,0,0,0,0,0,0
"Clash of Kings",2170187,1940352,2020191,1568638,1409055,1247302,1233770,1267938,0,0,0,0,0,0,0,0,0,0,0,0,0,0,0,0
"The Soul of Hunter",0,2420615,1813912,1763641,2562291,1278320,1352494,0,0,0,0,0,1662412,0,0,0,0,0,0,0,0,0,0,0
"MU Miracle",12815050,0,0,0,0,0,0,0,0,0,0,0,0,0,0,0,0,0,0,0,0,0,0,0
"League of Angels - Paradise Land",0,0,0,0,0,0,0,0,2105091,2040500,1792190,1603148,1669955,1598711,1485215,0,0,0,0,0,0,0,0,0
"Hand tour in Shumen",1555251,0,0,0,1335475,0,1221855,1414018,1285468,1270161,1201961,1345851,1614647,0,0,0,0,0,0,0,0,0,0,0
"Cloud dream four seasons song",0,0,0,0,0,0,0,0,0,0,0,0,0,0,0,0,7383288,4587232,0,0,0,0,0,0
"Punishing: Gray Raven",0,0,0,0,0,0,0,0,0,0,0,0,0,0,0,0,0,0,0,0,0,0,0,11312705
"Shin Sangokushi",1446880,1430372,2160715,1906542,1517900,1403361,1278155,0,0,0,0,0,0,0,0,0,0,0,0,0,0,0,0,0
"Ghost language",0,0,0,0,2570275,3607387,1761818,1584031,0,0,0,0,0,0,0,1536702,0,0,0,0,0,0,0,0
"Mobasaka Ultimate Football Club",0,0,0,0,0,0,0,0,3442805,2678955,1800554,1442524,1217654,0,0,0,0,0,0,0,0,0,0,0
"Legendary mobile game version",3071167,2120761,2141581,1757975,1407290,0,0,0,0,0,0,0,0,0,0,0,0,0,0,0,0,0,0,0
"Runaway hero",0,0,0,0,0,0,0,0,0,0,0,0,0,0,0,0,0,0,0,0,4381975,3915585,2196660,0
"Bleach: Memories of Nobody",0,0,0,0,0,0,0,0,0,0,3342767,2781752,1991612,1735060,0,0,0,0,0,0,0,0,0,0
"Girl's Frontline",0,1292911,0,0,3415295,0,0,1480794,0,0,0,0,0,1533398,0,0,2009260,0,0,0,0,0,0,0
"Legend of the Three Kingdoms",1425564,1321695,1306887,2442768,1772268,1335035,0,0,0,0,0,0,0,0,0,0,0,0,0,0,0,0,0,0
"Heroes of Tang Dynasty",1626318,1456187,1390980,1293457,1223672,1199531,1299458,0,0,0,0,0,0,0,0,0,0,0,0,0,0,0,0,0
"NBA LIVE Mobile",0,1515064,1139388,1521347,1628467,1910684,1665511,0,0,0,0,0,0,0,0,0,0,0,0,0,0,0,0,0
"Cloud clothes and feather clothes",0,0,0,0,0,2317957,4862291,1811250,0,0,0,0,0,0,0,0,0,0,0,0,0,0,0,0
"Xuan-Yuan Sword Mobile",0,0,0,0,0,0,0,0,0,0,0,0,0,0,0,0,0,0,0,0,0,2817615,3000605,2414944
"The Greedy Cave 2",0,0,0,0,0,0,0,0,0,0,0,3894998,2477787,1327304,0,0,0,0,0,0,0,0,0,0
"Top sesame official",1803885,2092590,1935454,1743208,0,0,0,0,0,0,0,0,0,0,0,0,0,0,0,0,0,0,0,0
"MU: Origin",2152605,2467081,1798714,1104424,0,0,0,0,0,0,0,0,0,0,0,0,0,0,0,0,0,0,0,0
"WeChat Dash",1947254,2343191,2047594,1162268,0,0,0,0,0,0,0,0,0,0,0,0,0,0,0,0,0,0,0,0
"Guns of Glory",0,1414581,1654560,1515094,1397071,0,1483511,0,0,0,0,0,0,0,0,0,0,0,0,0,0,0,0,0
"The return of the great sage",0,0,7449435,0,0,0,0,0,0,0,0,0,0,0,0,0,0,0,0,0,0,0,0,0
"The World of Legend",1878587,2135241,1973935,1196424,0,0,0,0,0,0,0,0,0,0,0,0,0,0,0,0,0,0,0,0
"Fox Spirit Matchmaker",0,0,0,0,0,0,0,0,0,0,0,0,0,0,0,0,0,0,0,0,0,0,5307405,1863128
"The story of the demon God",0,0,0,0,0,0,4743784,2357485,0,0,0,0,0,0,0,0,0,0,0,0,0,0,0,0
"Bleach: Memories of Nobody Fighting",0,0,0,0,0,0,0,1646825,3120577,2049205,0,0,0,0,0,0,0,0,0,0,0,0,0,0
"Dragon Ball: The Strongest Warrior",0,0,0,0,0,0,0,0,0,0,0,0,0,0,0,0,0,0,0,0,0,0,4621237,1986215
"ReEvolve",0,0,0,0,0,0,0,0,0,0,0,0,0,0,0,0,0,0,0,0,0,0,3520848,2988602
"Martial Universe",0,0,0,0,0,0,0,2819028,3483548,0,0,0,0,0,0,0,0,0,0,0,0,0,0,0
"My mission",1726931,1549068,1410992,1323195,0,0,0,0,0,0,0,0,0,0,0,0,0,0,0,0,0,0,0,0
"Fallout Shelter Online",0,0,0,0,0,0,0,0,0,0,0,0,0,0,0,0,0,3151470,2761010,0,0,0,0,0
"CMM Champions Manager Mobasaka",2034151,1302277,1272422,1263171,0,0,0,0,0,0,0,0,0,0,0,0,0,0,0,0,0,0,0,0
"Chang'an fantasy painting",0,0,0,0,0,0,0,0,0,0,0,0,0,0,0,0,0,0,0,0,0,3003335,2818651,0
"Lord Xue Ying",0,0,0,0,0,0,0,0,0,0,0,0,0,0,0,0,0,0,0,0,0,0,0,5786642
"Ragnarok M : Eternal Love",0,1339088,1227047,0,0,0,0,0,0,0,0,0,0,0,0,1655850,1521298,0,0,0,0,0,0,0
"Lumia Saga",0,0,0,0,0,0,0,0,0,0,2135842,3602321,0,0,0,0,0,0,0,0,0,0,0,0
"Slum Dunk",0,0,0,0,0,0,0,0,0,0,0,0,0,0,0,0,0,0,0,0,0,0,0,5647958
"Tianxia",1573975,1313577,1249378,0,0,0,0,0,0,0,0,0,0,0,0,0,0,0,0,1453390,0,0,0,0
"City of Forever 7 Days",1794722,2095490,1564164,0,0,0,0,0,0,0,0,0,0,0,0,0,0,0,0,0,0,0,0,0
"Flower and sword",0,0,0,0,0,0,0,0,0,0,0,0,0,0,0,0,0,0,0,0,0,0,2613802,2839058
"Master of the people 2",0,0,0,0,0,0,0,0,0,4206292,1213314,0,0,0,0,0,0,0,0,0,0,0,0,0
"NBA篮球大师",0,0,0,0,0,0,0,1400117,1278270,0,0,0,0,0,0,1347572,0,1184862,0,0,0,0,0,0
"Dragon Ball Z",0,0,0,0,0,0,0,0,0,0,0,0,0,0,5119688,0,0,0,0,0,0,0,0,0
"A journey to the West",0,0,1253061,1156551,1487548,1204311,0,0,0,0,0,0,0,0,0,0,0,0,0,0,0,0,0,0
"Girl Cafe Gun",0,0,0,0,0,0,0,0,0,0,0,0,0,0,0,0,0,0,0,0,0,0,2345665,2724148
"Anecdotes of mountains and seas",0,0,0,0,0,1318834,2050327,1524932,0,0,0,0,0,0,0,0,0,0,0,0,0,0,0,0
"Legendary World 3D",0,0,0,0,1280922,3582010,0,0,0,0,0,0,0,0,0,0,0,0,0,0,0,0,0,0
"Legend of Mir II",1714090,1669238,1445467,0,0,0,0,0,0,0,0,0,0,0,0,0,0,0,0,0,0,0,0,0
"Food Fantasy",2274237,2548977,0,0,0,0,0,0,0,0,0,0,0,0,0,0,0,0,0,0,0,0,0,0
"Travel Frog",2546891,2166227,0,0,0,0,0,0,0,0,0,0,0,0,0,0,0,0,0,0,0,0,0,0
"Retro legend",0,0,0,0,0,0,0,0,0,0,0,0,0,0,0,1409461,0,1618652,1642701,0,0,0,0,0
"Warring States annals",0,0,0,0,2632258,2024315,0,0,0,0,0,0,0,0,0,0,0,0,0,0,0,0,0,0
"Yin Yang master: Baiwen brand",0,0,0,0,0,0,0,0,0,0,0,0,0,0,0,0,0,0,0,0,0,0,0,4624040
"hunter",0,0,0,0,0,0,0,0,0,0,0,0,0,0,0,0,0,0,0,0,0,0,0,4611254
"Momo Dancing",1297972,1513161,1721822,0,0,0,0,0,0,0,0,0,0,0,0,0,0,0,0,0,0,0,0,0
"Sword of Soul",0,0,0,0,0,0,0,0,0,0,0,0,0,0,0,0,0,0,0,0,0,0,2519165,2003465
"Qiyuan goddess",0,0,0,0,0,0,0,0,0,0,0,0,0,0,0,0,0,0,0,0,0,0,0,4492487
"Sea King fishing",0,0,0,0,0,0,0,0,0,0,0,0,0,0,0,0,0,0,0,0,1393691,0,1446774,1595558
"Battleship Commander",1622121,1412887,1273862,0,0,0,0,0,0,0,0,0,0,0,0,0,0,0,0,0,0,0,0,0
"Sansheng Sanshi Shili peach blossom",0,0,0,0,0,0,0,0,0,0,0,0,0,0,0,0,3008738,1259597,0,0,0,0,0,0
"Fishing battle (tuyou)",0,0,0,0,0,0,0,0,0,0,0,0,0,0,0,0,0,1278900,1454881,0,1391681,0,0,0
"My dynasty",0,0,0,0,2565978,1546871,0,0,0,0,0,0,0,0,0,0,0,0,0,0,0,0,0,0
"Hero Kill",1162178,1636495,1249718,0,0,0,0,0,0,0,0,0,0,0,0,0,0,0,0,0,0,0,0,0
"The dawn of dragon killing",0,0,0,0,0,0,0,2315841,1670052,0,0,0,0,0,0,0,0,0,0,0,0,0,0,0
"Reincarnation formula",0,0,0,1857752,2044291,0,0,0,0,0,0,0,0,0,0,0,0,0,0,0,0,0,0,0
"Hot blooded sword",0,0,0,0,0,0,0,0,0,0,0,0,0,0,0,2345911,1531568,0,0,0,0,0,0,0
"Faith Framework",0,0,0,0,0,0,0,0,0,0,0,0,0,0,3868378,0,0,0,0,0,0,0,0,0
"Legend of sword and God of war",3790342,0,0,0,0,0,0,0,0,0,0,0,0,0,0,0,0,0,0,0,0,0,0,0
"Allard's anger: Awakening",3692405,0,0,0,0,0,0,0,0,0,0,0,0,0,0,0,0,0,0,0,0,0,0,0
"SNK all star",0,0,0,0,0,0,0,0,0,0,0,0,0,0,1290197,0,0,0,0,0,0,0,0,2336034
"Taigu God King: Star soul Awakening",0,0,0,0,0,0,0,2134477,1392422,0,0,0,0,0,0,0,0,0,0,0,0,0,0,0
"Fever Basketball",0,0,0,0,0,0,1576225,1834452,0,0,0,0,0,0,0,0,0,0,0,0,0,0,0,0
"Ace Force",0,0,0,0,0,0,0,0,0,0,0,0,0,0,0,0,0,0,0,3263382,0,0,0,0
"Age Of Magic",0,0,0,0,0,0,0,0,0,0,0,0,1810427,1436927,0,0,0,0,0,0,0,0,0,0
"Sdorica -sunset",0,0,0,0,3244384,0,0,0,0,0,0,0,0,0,0,0,0,0,0,0,0,0,0,0
"We Fire",1702515,1495042,0,0,0,0,0,0,0,0,0,0,0,0,0,0,0,0,0,0,0,0,0,0
"Twinkling light",0,0,0,0,0,0,0,0,0,0,0,0,0,0,0,0,1506442,0,1408755,0,0,0,0,0
"OMG!Kingdoms! 2",0,0,0,1460768,1388208,0,0,0,0,0,0,0,0,0,0,0,0,0,0,0,0,0,0,0
"Battle girl",0,0,0,0,0,0,0,0,0,0,0,0,0,0,0,0,0,0,2819190,0,0,0,0,0
"Audition Online",1265818,1525430,0,0,0,0,0,0,0,0,0,0,0,0,0,0,0,0,0,0,0,0,0,0
"Inhuman Academy",0,0,0,0,0,1391642,1309221,0,0,0,0,0,0,0,0,0,0,0,0,0,0,0,0,0
"Infinite Fighting",0,0,0,0,0,0,0,0,0,0,0,0,0,0,0,0,0,0,0,0,0,1313432,1367250,0
"We Fight",1299814,1362552,0,0,0,0,0,0,0,0,0,0,0,0,0,0,0,0,0,0,0,0,0,0
"My name is Mt world",1275335,0,0,1177084,0,0,0,0,0,0,0,0,0,0,0,0,0,0,0,0,0,0,0,0
"Township",0,0,1358290,1094092,0,0,0,0,0,0,0,0,0,0,0,0,0,0,0,0,0,0,0,0
"Storm land",0,0,0,0,0,0,0,0,0,0,0,2441200,0,0,0,0,0,0,0,0,0,0,0,0
"RAID: Shadow Legends",0,0,0,0,0,0,0,0,0,0,0,0,0,0,2437017,0,0,0,0,0,0,0,0,0
"Seven Knights",0,0,0,2403127,0,0,0,0,0,0,0,0,0,0,0,0,0,0,0,0,0,0,0,0
"The origin of mirage",0,0,0,0,0,0,0,0,0,0,0,0,0,0,2357981,0,0,0,0,0,0,0,0,0
"War and Order",0,0,0,0,0,0,0,0,0,1170134,1104722,0,0,0,0,0,0,0,0,0,0,0,0,0
"Closers M",0,0,0,0,0,0,0,0,0,0,0,0,0,0,0,0,0,0,2268857,0,0,0,0,0
"M;M: Elemental Guardians",0,0,0,0,0,2246032,0,0,0,0,0,0,0,0,0,0,0,0,0,0,0,0,0,0
"Sword and reincarnation",0,0,0,0,0,0,0,0,0,0,0,0,0,0,0,0,0,2071385,0,0,0,0,0,0
"Legend of the past",0,0,1881685,0,0,0,0,0,0,0,0,0,0,0,0,0,0,0,0,0,0,0,0,0
"Fantasy project",0,0,0,1823030,0,0,0,0,0,0,0,0,0,0,0,0,0,0,0,0,0,0,0,0
"Blue oath",0,0,0,0,0,0,0,0,0,0,0,0,0,0,0,0,0,0,1734442,0,0,0,0,0
"Rebellious King Arthur",0,0,0,1697425,0,0,0,0,0,0,0,0,0,0,0,0,0,0,0,0,0,0,0,0
"Dream of Three Kingdoms",0,0,0,0,0,0,0,0,0,0,0,0,0,0,0,0,0,0,0,0,0,1666322,0,0
"Ultra Fighters",0,0,0,0,1645352,0,0,0,0,0,0,0,0,0,0,0,0,0,0,0,0,0,0,0
"Xuanyuan sword Online",0,0,0,0,0,0,0,0,0,1619571,0,0,0,0,0,0,0,0,0,0,0,0,0,0
"Soul Warrior",0,0,0,0,0,0,0,0,0,0,0,1568311,0,0,0,0,0,0,0,0,0,0,0,0
"Stararc",0,0,0,0,0,0,0,0,0,0,0,0,0,0,1547460,0,0,0,0,0,0,0,0,0
"Sword dance of the wind",1545727,0,0,0,0,0,0,0,0,0,0,0,0,0,0,0,0,0,0,0,0,0,0,0
"Sangokushi Taisen",0,0,0,0,0,0,0,0,1531908,0,0,0,0,0,0,0,0,0,0,0,0,0,0,0
"Legend of the ancient world",0,1526838,0,0,0,0,0,0,0,0,0,0,0,0,0,0,0,0,0,0,0,0,0,0
"Shadowverse",0,0,0,0,1524865,0,0,0,0,0,0,0,0,0,0,0,0,0,0,0,0,0,0,0
"Law of Creation 2",0,0,0,0,0,0,0,0,0,0,0,0,0,0,0,0,0,0,0,0,0,0,1516378,0
"FIFA ONLINE 3 M",0,0,0,1507755,0,0,0,0,0,0,0,0,0,0,0,0,0,0,0,0,0,0,0,0
"Asphalt 9: Legends",0,0,0,0,0,0,0,0,0,0,0,0,0,0,0,0,0,0,0,1490708,0,0,0,0
"Last Day on Earth: Survival",0,0,0,0,1476768,0,0,0,0,0,0,0,0,0,0,0,0,0,0,0,0,0,0,0
"My hero College: entrance season",0,0,0,0,0,0,0,0,0,0,0,0,0,0,0,0,0,0,0,0,0,1436597,0,0
"My brave man",0,0,0,0,0,0,0,0,0,0,0,0,0,0,0,0,0,0,0,0,1405935,0,0,0
"Win the Imperial City",0,0,0,0,0,0,0,0,0,0,0,1366758,0,0,0,0,0,0,0,0,0,0,0,0
"Auto Chess:Origin",0,0,0,0,0,0,0,0,0,0,0,0,0,0,0,0,0,0,0,0,0,1360381,0,0
"Last Empire-War Z",1340992,0,0,0,0,0,0,0,0,0,0,0,0,0,0,0,0,0,0,0,0,0,0,0
"The underground city pact",0,0,1314007,0,0,0,0,0,0,0,0,0,0,0,0,0,0,0,0,0,0,0,0,0
"The magic night of Tang Dynasty",0,0,0,0,0,0,0,0,0,0,0,1311050,0,0,0,0,0,0,0,0,0,0,0,0
"Micro end Legend - genuine Sand City abnormal PK legend hand tour",0,1277435,0,0,0,0,0,0,0,0,0,0,0,0,0,0,0,0,0,0,0,0,0,0
"Zootopia Your Dream Diary",0,0,0,0,0,0,0,0,1245502,0,0,0,0,0,0,0,0,0,0,0,0,0,0,0
"Master Yipin",1229224,0,0,0,0,0,0,0,0,0,0,0,0,0,0,0,0,0,0,0,0,0,0,0
"Expeditionary hand tour",0,0,0,0,0,0,1227125,0,0,0,0,0,0,0,0,0,0,0,0,0,0,0,0,0
"Shanhaijing: official recommendation for catching the beast!",0,0,0,0,0,1224880,0,0,0,0,0,0,0,0,0,0,0,0,0,0,0,0,0,0
"Novoland the Castle in the Sky",1189515,0,0,0,0,0,0,0,0,0,0,0,0,0,0,0,0,0,0,0,0,0,0,0
"Dot Arena",1155818,0,0,0,0,0,0,0,0,0,0,0,0,0,0,0,0,0,0,0,0,0,0,0
"Thunder Fighter",1140430,0,0,0,0,0,0,0,0,0,0,0,0,0,0,0,0,0,0,0,0,0,0,0
"Summoner of the Gods",0,0,0,1134415,0,0,0,0,0,0,0,0,0,0,0,0,0,0,0,0,0,0,0,0
