"game_name","2018/01","2018/02","2018/03","2018/04","2018/05","2018/06","2018/07","2018/08","2018/09","2018/10","2018/11","2018/12","2019/01","2019/02","2019/03","2019/04","2019/05","2019/06","2019/07","2019/08","2019/09","2019/10","2019/11","2019/12"
"Total",2898194,3278499,2581937,1434796,2403594,2234478,2456685,1982317,2007424,2082014,2628216,3741647,2020888,1861811,1835425,1840922,2171701,1867669,1504782,1560099,2041542,2963612,1683350,1386547
"PUBG MOBILE",0,0,0,0,1030068,719297,285807,195482,154988,95435,114743,120780,138804,187503,119623,75089,88296,63194,69521,67240,62317,50884,60510,77336
"Black Desert",0,1038910,928777,61664,35880,45289,28183,29663,23067,14646,20958,34863,31792,25880,31889,18919,15778,14227,19504,14533,11403,10025,14667,17929
"Brawl Stars",0,0,0,0,0,0,0,0,0,0,0,353003,255086,329518,260523,129270,120156,82994,91649,81429,60715,54450,55824,61264
"Blade ; Soul: Revolution",0,0,0,0,0,0,0,0,0,0,0,1359265,27686,16961,12316,14842,9076,8104,4491,9593,5405,3397,4109,8490
"Call of Duty: Mobile",0,0,0,0,0,0,0,0,0,0,0,0,0,0,0,0,0,0,0,0,0,1358848,80808,42272
"Friends Racing",0,0,0,0,0,0,0,0,0,0,816417,224092,123821,91154,57474,0,0,0,0,0,0,0,0,0
"Everybody's Marble",61378,68821,45210,36219,50801,39242,78896,83498,62715,53973,47302,52404,53045,74947,38272,30893,35554,27843,43686,74938,52706,25283,30436,45157
"Friends Marble",256067,85699,279055,38380,55236,12830,12879,22613,41724,12405,13324,56994,30630,19373,13005,8733,11237,0,0,0,0,0,0,0
"Durango: Wild Lands",650611,238969,18580,0,0,0,0,0,0,0,0,0,0,0,0,0,0,0,0,0,0,0,0,0
"Cookie Run: OvenBreak",42310,24691,32253,23109,64489,29908,44113,26022,29308,41535,58465,45022,27434,44463,26171,19697,56711,27795,20221,22241,27470,32986,46432,59314
"Archero",0,0,0,0,0,0,0,0,0,0,0,0,0,0,0,0,193552,309805,153412,66952,36859,27926,32062,32862
"FIFA ONLINE 4 M",0,0,0,0,0,0,145516,114176,64637,38806,36681,59280,55903,33887,23167,21433,25857,33123,39353,30099,23963,21368,30196,46646
"We Bare Bears - The Puzzle",360960,101538,53237,37890,35327,21299,15740,15105,12143,18614,9883,14253,16757,8412,7631,5935,5043,4545,4462,4619,4354,3876,5325,5421
"Be The King",0,0,0,114307,16147,123276,106179,42075,65455,43486,38259,23510,25013,30708,32203,12317,11272,9700,14223,12662,7443,4978,5940,6479
"Homescapes",30158,24304,21127,15014,17372,16486,16623,19918,20292,15682,14781,17779,23273,38065,46161,51516,39387,30756,50538,55838,36870,46834,40701,43424
"Glory by U.LU",0,0,102554,59845,38177,24148,78560,53714,105894,99319,72541,23587,36294,7581,2003,0,0,0,0,0,0,0,0,0
"Clash Royale",43006,33584,30508,28246,29726,25360,33228,28247,36142,28586,29752,30495,23596,21435,17180,20158,27065,26387,30939,25181,20636,27761,33281,38526
"Pmang New Matgo",0,0,0,0,0,0,0,0,0,0,0,0,0,0,0,0,0,0,0,85878,332007,149309,65195,56062
"MapleStory M",28867,24332,17016,17630,19351,30472,71750,42243,18294,14959,12223,26388,35580,40761,33996,24557,17953,22590,39597,23422,16075,20264,22901,27934
"Pokémon GO",24091,25657,19182,15612,16281,18960,26618,23657,25024,25483,33732,52253,41164,43406,30343,24557,26158,25592,26784,24491,18891,15310,24191,28391
"Identity V",0,0,0,0,0,0,0,0,0,260703,107435,57995,46893,37444,0,16880,15995,0,17965,0,19136,0,0,0
"Eternal Battle",0,0,0,0,0,0,0,134442,196056,96246,83620,0,0,0,0,0,0,0,0,0,0,0,0,0
"Candy Crush Saga",22139,21215,33854,22796,28882,21587,19977,20591,21788,18165,14870,14439,30848,32829,34153,16152,12292,10907,14137,11352,10794,11273,18198,21838
"Friends Town",0,0,0,0,0,0,0,0,0,0,0,0,0,0,0,0,299692,66323,35271,17017,11662,15650,13260,15575
"Zombie high school",37400,40278,26480,21336,20797,13674,21693,24359,22901,19121,0,18591,0,31405,18602,14301,14827,15111,0,0,20012,21745,0,27531
"Gardenscapes - New Acres",15869,12084,14239,10185,9884,9221,8843,11725,11207,9474,8851,11055,13951,30255,34128,23135,14776,18983,22209,26358,21817,18377,18753,26930
"Ragnarok M : Eternal Love",0,0,222174,43367,18967,8531,8016,6225,3563,6560,8342,6724,6994,11590,18197,4138,4035,2086,2754,5281,4491,2542,2695,2152
"Clash of Clans",20458,16308,15472,13422,13958,18718,17717,15312,17536,16872,19306,19105,16439,14094,13882,16800,17728,19683,15168,14112,12465,13884,16468,19301
"Seven Knights",19653,13107,28267,22951,18639,13971,18256,17398,16008,26512,21818,11255,12204,11181,28498,12719,8474,7022,12887,9435,8405,15118,8883,7559
"Full Count 2 KBO",3786,3001,26589,39554,25180,20297,12973,13857,20002,15097,13793,6097,5310,4593,22562,28321,13899,11511,10705,9732,6806,6600,8190,0
"Rise of Kingdoms",0,0,0,0,0,0,0,0,0,0,0,0,0,0,0,0,0,0,0,0,184485,85902,30108,27672
"Enquire from the gods",0,0,0,0,0,0,0,0,161470,45712,18851,75623,0,0,15039,0,0,0,0,7714,0,0,0,0
"THE KING OF FIGHTERS ALLSTAR",0,0,0,0,0,0,0,0,0,0,0,0,0,0,0,0,232038,34155,9348,6851,6550,2842,15510,8213
"MARVEL Future Fight",4889,14153,8739,13599,74970,19090,13162,9237,6942,6304,4276,3700,4371,3811,7441,15066,48217,12594,18525,7693,3997,2583,2398,2552
"The Seven Deadly Sins: Hikari to Yami no Grand Cross",0,0,0,0,0,0,0,0,0,0,0,0,0,0,0,0,0,229269,36005,11301,9178,7007,6339,8393
"Lineage M",12356,8555,8304,6780,10939,15013,8311,7521,12068,14589,10612,9297,7159,6743,19921,14568,12955,10858,8148,9018,24227,21350,25120,13320
"Hearthstone: Heroes of Warcraft",15386,13274,12450,19218,15565,12295,11914,21145,13361,11871,13174,16075,11744,10123,8904,17900,14662,8475,6157,9133,5972,5765,12909,9875
"Love and Producer",0,0,0,0,0,0,195382,77429,12478,0,0,1449,1851,1406,0,0,0,1912,3448,0,0,0,0,0
"EverBattle 2",159642,49763,52441,14428,17795,0,0,0,0,0,0,0,0,0,0,0,0,0,0,0,0,0,0,0
"Lords Mobile",23942,10467,9059,10843,18617,13749,14387,14650,16688,14438,9617,10217,13622,13930,19179,7360,2485,6559,7324,11162,21904,8568,7744,6362
"Mobile Legends: Bang bang",13543,15416,11853,9899,10540,8465,0,13912,12271,12934,14571,12174,0,12992,12224,12588,13080,12814,14546,14669,12802,13164,16180,18646
"Mafia City",0,0,0,0,0,0,0,0,0,0,120306,35067,29469,13578,10023,11186,10069,12073,12735,9198,4686,3515,3743,3701
"Asphalt 9: Legends",0,0,0,0,0,0,0,224182,53569,0,0,0,0,0,0,0,0,0,0,0,0,0,0,0
"Friends Tower",0,0,0,0,0,0,0,0,151587,87835,17736,16341,0,0,0,0,0,0,0,0,0,0,0,0
"Moonlight Sculptor",0,0,0,0,0,0,0,0,0,0,0,0,0,0,0,0,0,0,0,0,0,219109,24295,28415
"Call Me Emperor",0,0,0,0,0,0,0,0,0,0,0,25750,32630,29978,30580,37130,16780,15574,13882,13618,12102,9722,12345,11214
"Sudda",0,0,0,0,0,0,0,0,0,0,0,0,0,0,0,0,0,0,0,78189,95642,40594,24081,17299
"LifeAfter",0,0,0,0,0,0,0,0,0,0,0,0,0,0,0,183640,38579,6539,5869,5536,3212,4185,0,6641
"Fortress M",0,0,0,0,0,0,0,0,0,64669,43537,30636,55242,46092,14020,0,0,0,0,0,0,0,0,0
"Pmang Sutda",0,0,0,0,0,0,0,0,0,0,0,0,0,0,0,0,0,0,0,0,153993,95002,0,0
"The Battle Cats",0,0,0,0,8933,19785,23260,18481,10762,11416,0,0,16576,17461,19917,18000,17719,12088,24405,19461,10625,0,0,0
"Luna’s Fate",0,0,0,0,0,0,0,0,0,0,0,0,0,0,0,0,0,0,125338,86454,35938,0,0,0
"Friends Popcorn",20861,16586,16251,14414,15810,12703,14491,12190,10724,11758,12294,10293,11262,10097,7703,5758,5757,4586,6181,5545,4207,6111,4831,5499
"The Legend of Mir 2 Re",0,0,0,0,0,0,0,0,0,0,50292,40710,21247,0,991,0,0,58597,21512,42003,0,0,0,0
"Hundred Soul",0,0,0,0,0,0,0,0,0,0,0,0,171731,27167,14504,13237,3431,3814,0,0,0,0,0,0
"Princess Connect! Re:Dive",0,0,0,0,0,0,0,0,0,0,0,0,0,0,0,99111,26531,42163,9900,46575,2900,1599,2137,2077
"Lineage 2 Revolution",14561,9357,6625,5376,6437,5843,20294,8454,6944,5038,8045,11036,6493,6329,5625,4526,5535,27638,19114,8528,11431,6173,11917,8217
"Lineage 2",0,0,0,0,0,0,0,0,0,0,0,0,0,0,0,0,0,0,0,0,0,0,149124,79672
"Yokai Tamer",0,0,0,0,0,0,0,0,0,0,0,0,0,0,0,0,0,0,0,0,0,55886,113723,58523
"Eternity: the Origin of Fate",0,0,0,0,0,0,0,0,0,0,0,0,32117,25109,13090,3450,74766,76118,0,0,0,0,0,0
"Pokémon Quest",0,0,0,0,0,0,220736,0,0,0,0,0,0,0,0,0,0,0,0,0,0,0,0,0
"Last Shelter: Survival",0,0,0,0,0,0,5218,5253,4107,6067,5714,3553,16416,27215,7895,12158,17936,19039,19002,30288,17484,9720,7000,5575
"Pop Friends",14369,11936,12486,10761,10794,10346,11740,14875,13146,9948,9711,11421,12163,10226,8697,7980,7077,5552,5892,6759,5940,4638,0,0
"King of Kings",0,0,0,0,0,0,0,0,0,0,117236,27342,18957,18867,17101,5252,1568,1041,0,0,0,0,0,0
"Township",0,0,0,0,0,0,0,0,0,0,0,0,0,0,26456,27039,20346,18505,21602,21774,16782,16896,18995,17674
"Three Kingdoms: King Maker",0,0,0,0,0,0,0,0,0,0,139983,59142,2152,0,0,0,0,0,0,0,0,0,0,0
"Rise of Dynasty: Three Kingdom",0,0,55602,26967,26700,12575,10433,6770,17438,11499,4761,3355,3180,3266,5530,2403,1886,1421,1478,1697,1644,0,1068,1212
"Angry Birds 2",0,0,0,0,113126,49660,33648,0,0,0,0,0,0,0,0,0,0,0,0,0,0,0,0,0
"Grand Chase",0,117437,54770,6320,5234,2507,5366,1714,0,0,0,0,0,2891,0,0,0,0,0,0,0,0,0,0
"Harry Potter: Hogwarts Mystery",0,0,0,0,0,0,0,0,0,194803,0,0,0,0,0,0,0,0,0,0,0,0,0,0
"Honkai Impact 3",38660,13135,7751,3812,5784,5547,8540,7904,9014,13722,9237,3819,8859,10963,3979,7252,4049,3766,4343,10000,3706,3192,3533,3522
"MU Awakening",0,0,0,0,0,157874,10406,3626,2662,3770,2644,1618,1600,1334,1643,1371,1113,3070,0,0,0,0,1232,0
"Poker by Neowiz",0,0,0,0,0,0,0,0,0,0,0,0,0,0,0,0,0,0,0,28026,72438,49234,26174,16137
"LYN: The Lightbringer",0,0,0,0,0,0,0,0,0,0,0,0,0,0,166066,20028,3014,0,1293,1310,0,0,0,0
"Anipang3 for Kakao",12960,9910,9424,7696,8289,7749,8618,8852,9824,9525,8054,9157,11062,8927,10046,6399,4517,5291,5493,5705,4953,5206,6163,5843
"Final Fantasy XV: A New Empire",19140,15236,15298,13057,14359,13642,16845,15060,9372,9552,6128,5501,7631,8892,5878,4642,3754,1986,2187,0,0,0,0,0
"SIGNAL",0,168771,18906,0,0,0,0,0,0,0,0,0,0,0,0,0,0,0,0,0,0,0,0,0
"Royal Chaos",0,0,0,0,0,0,0,39916,33402,17672,26298,26431,33341,9425,0,0,0,0,0,0,0,0,0,0
"Epic Seven",0,0,0,0,0,0,0,0,89319,21614,9156,21706,7893,6565,4717,6151,5507,4636,2528,1937,1449,1778,1326,0
"Com2Us Pro Baseball 2018",4178,3134,9595,24789,13924,8763,7734,6031,5687,8737,7964,3390,3002,2972,6959,12681,10035,6768,6134,6328,7690,7635,5726,4271
"The Continent of Wind",0,0,0,0,0,0,0,0,0,0,0,0,0,0,0,0,0,0,78336,57342,18417,8635,5150,5304
"Amor M(연인 모바일)",85848,52858,28952,5279,0,0,0,0,0,0,0,0,0,0,0,0,0,0,0,0,0,0,0,0
"Over Ocean: The Great Voyage",51182,32977,25557,22927,14224,8529,1255,1776,1579,1449,1297,1083,1217,1100,1182,1173,1336,0,0,0,0,0,0,0
"Hangame Poker",0,0,0,0,0,0,0,0,0,0,0,0,0,0,0,0,0,0,0,26785,80353,33698,15279,11888
"Dragon Sky by Triple Double",0,0,0,0,0,0,0,0,106921,28675,9117,8211,0,7325,0,0,0,0,0,0,0,0,0,0
"Traha",0,0,0,0,0,0,0,0,0,0,0,0,0,0,0,126395,20325,4658,2787,2194,1537,1491,0,0
"Boxing Star",0,0,0,0,0,0,0,0,0,129632,29278,0,0,0,0,0,0,0,0,0,0,0,0,0
"Hundreds of thousands of red swords",0,0,0,0,0,0,0,0,0,0,34489,123865,0,0,0,0,0,0,0,0,0,0,0,0
"Lookism",0,0,0,0,0,0,0,0,0,0,0,157767,0,0,0,0,0,0,0,0,0,0,0,0
"Angelic ministry",0,0,0,0,0,0,0,0,0,0,0,0,81625,33658,41518,0,0,0,0,0,0,0,0,0
"Master of the people 2",0,0,0,0,0,0,0,0,0,0,0,0,0,0,0,63610,92849,0,0,0,0,0,0,0
"Nine Regions Youxia Legend",0,0,0,0,0,0,0,0,0,72767,8866,12103,24894,31230,1927,1189,1540,0,0,0,0,0,0,0
"V4",0,0,0,0,0,0,0,0,0,0,0,0,0,0,0,0,0,0,0,0,0,0,126795,27110
"Blade 2",0,0,0,0,0,0,143474,2896,2465,2418,1951,0,0,0,0,0,0,0,0,0,0,0,0,0
"Sdorica -sunset",0,0,0,65930,29702,15936,16221,13435,10790,0,0,0,0,0,0,0,0,0,0,0,0,0,0,0
"WIND RUNNER Z",0,0,0,0,0,134983,12284,0,0,0,0,0,0,0,0,0,0,0,0,0,0,0,0,0
"BanG Dream",0,63906,29837,0,0,6618,6197,0,0,0,2439,0,0,4944,0,0,11304,9380,4590,4149,0,0,3852,0
"The Fellowship of The Dragon",99400,45262,0,0,0,0,0,0,0,0,0,0,0,0,0,0,0,0,0,0,0,0,0,0
"BTS WORLD",0,0,0,0,0,0,0,0,0,0,0,0,0,0,0,0,0,71016,48714,10163,4990,3219,2799,3758
"Idle Adventurers",0,0,0,0,0,0,0,0,0,0,0,0,0,0,0,0,0,0,0,0,81443,33588,15755,11110
"Miracle Nikki",11208,0,7292,6745,0,10094,14228,9819,8326,8036,5680,6556,9185,6187,4232,4017,0,6387,7473,0,4567,4381,0,6518
"TERA Classic",0,0,0,0,0,0,0,0,0,0,0,0,0,0,0,0,0,0,0,121929,6224,1904,2723,1788
"Fishing Strike",0,0,0,116516,15269,0,0,0,0,0,0,0,0,0,0,0,0,0,0,0,0,0,0,0
"King's Raid",2918,4513,3002,4222,3599,12538,6475,6292,4648,6232,7865,5442,5199,9247,7404,5882,5681,8377,7943,3377,0,3790,3696,2190
"Crazy Riches",0,0,0,0,0,0,0,0,0,0,0,0,0,0,0,83945,38880,5338,2168,0,0,0,0,0
"ARKA",0,0,0,0,0,0,0,0,0,0,0,0,0,0,0,0,48270,49366,27138,1243,1182,2124,0,0
"Hand tour of palace",0,0,0,0,0,0,0,0,0,0,0,0,0,29121,26093,14087,15622,17999,12032,9653,2448,2032,0,0
"ambition",0,0,0,0,0,0,93436,14602,1894,1681,0,14463,0,0,0,0,0,0,0,0,0,0,0,0
"Reach Rich",0,0,0,0,0,0,0,0,0,0,0,0,0,0,0,0,0,0,0,0,76878,18797,19939,8717
"eFootball PES 2020",0,0,0,0,0,20408,34402,0,0,0,0,0,0,20666,0,0,0,0,0,0,0,0,19118,28137
"Bleach: Memories of Nobody Fighting",0,0,0,0,0,0,0,0,0,0,0,0,0,0,0,91326,21840,9075,0,0,0,0,0,0
"Royal Blood",120228,0,0,0,0,0,0,0,0,0,0,0,0,0,0,0,0,0,0,0,0,0,0,0
"Langrisser",0,0,0,0,0,0,0,0,0,0,0,0,0,0,0,0,0,81946,16005,7233,6841,2463,2224,2280
"Cookie Wars",0,0,0,0,0,0,0,73685,38433,0,0,0,0,0,0,0,0,0,0,0,0,0,0,0
"Lumia Saga",0,0,0,0,0,0,0,0,0,0,0,0,0,0,0,92561,13860,1314,0,0,0,0,0,0
"Candy Crush Soda Saga",11050,9351,10396,8155,10436,8959,11972,9458,7504,5834,0,4734,7755,0,0,0,0,0,0,0,0,0,0,0
"Fever Basketball",0,0,0,0,0,0,0,0,0,0,0,0,0,0,62034,25911,11129,3630,2054,0,0,0,0,0
"Idle Heroes",6031,2046,2798,2535,2457,1348,0,0,0,0,0,0,0,2858,0,15407,7531,15132,14925,8409,8317,4625,6148,3777
"Musou Glory",0,0,0,73085,30018,0,0,0,0,0,0,0,0,0,0,0,0,0,0,0,0,0,0,0
"Super Evo Story",0,90412,8763,0,0,0,0,0,0,0,0,0,0,0,0,0,0,0,0,0,0,0,0,0
"Shin Sangokushi",0,0,0,0,39156,18851,8136,7184,6488,4344,4732,2994,2773,1150,1118,0,0,0,0,0,0,0,0,0
"Moonless God",0,0,0,0,0,0,96312,0,0,0,0,0,0,0,0,0,0,0,0,0,0,0,0,0
"Everyone Legend of Heroes",0,0,0,0,0,0,0,71960,23047,0,0,0,0,0,0,0,0,0,0,0,0,0,0,0
"FriendsSCpuzzle",18685,17403,16655,14100,14068,13811,0,0,0,0,0,0,0,0,0,0,0,0,0,0,0,0,0,0
"Legend of Xi Fei",0,0,0,0,39965,33504,15765,4633,0,0,0,0,0,0,0,0,0,0,0,0,0,0,0,0
"Icarus M",0,0,0,0,0,0,55638,28583,5098,1810,2216,0,0,0,0,0,0,0,0,0,0,0,0,0
"Crasher: Origin",0,0,0,0,0,0,0,0,0,0,0,0,0,0,0,0,0,0,0,0,26935,31236,16641,17239
"Spirit Wish",0,0,0,0,0,0,0,0,0,0,0,0,79439,10564,1768,0,0,0,0,0,0,0,0,0
"One Piece Treasure Cruise",4538,4504,4895,3337,9174,8345,5204,3805,5505,4488,4705,4166,3982,4287,5400,3977,3362,2335,1735,1462,1048,0,1354,0
"Burning: Magical Sword",0,0,0,0,0,0,0,20274,52202,15083,3604,0,0,0,0,0,0,0,0,0,0,0,0,0
"Fox",0,89486,0,0,0,0,0,0,0,0,0,0,0,0,0,0,0,0,0,0,0,0,0,0
"SuperStar BTS",0,88907,0,0,0,0,0,0,0,0,0,0,0,0,0,0,0,0,0,0,0,0,0,0
"Guns of Glory",14295,7630,5206,3248,2526,5587,6360,6699,7020,5199,4944,3367,2583,2468,2808,1995,1414,0,0,1718,1619,0,1298,0
"Another Eden",0,0,0,0,0,0,0,0,0,0,0,0,0,60754,18841,7299,0,0,0,0,0,0,0,0
"Monster Taming",4797,3655,4206,3439,3775,3540,6595,10531,4220,4359,4345,3244,3864,3521,3400,3158,0,3317,6585,6105,0,0,0,0
"Summoners War",2974,2335,2260,2277,2461,2582,4110,3344,2910,4092,3512,8374,3892,5259,3669,3468,3270,8527,2745,2741,2137,2492,3311,3196
"City of Forever 7 Days",0,0,0,0,0,0,62390,7290,1682,0,0,0,0,0,0,0,0,0,0,4407,3589,2571,2534,1358
"Knights Chronicle",0,0,0,0,0,57368,15554,7238,3930,0,0,0,0,0,0,0,0,0,0,0,0,0,0,0
"Game of failure",0,0,0,0,0,68464,15535,0,0,0,0,0,0,0,0,0,0,0,0,0,0,0,0,0
"Before Genesis",0,0,0,0,0,0,0,0,0,35661,43891,1966,1604,0,0,0,0,0,0,0,0,0,0,0
"Honour of Kings",23151,20245,14571,12621,0,11004,0,0,0,0,0,0,0,0,0,0,0,0,0,0,0,0,0,0
"Inhuman Academy",0,0,0,0,0,0,0,0,0,0,0,0,80675,0,0,0,0,0,0,0,0,0,0,0
"Final Heroes",63143,13085,4046,0,0,0,0,0,0,0,0,0,0,0,0,0,0,0,0,0,0,0,0,0
"Hot Blood Kang Ho M",60702,13710,1973,2059,798,0,0,0,0,0,0,0,0,0,0,0,0,0,0,0,0,0,0,0
"Dark Eden M",0,0,0,0,0,0,0,0,0,0,0,75943,2105,1176,0,0,0,0,0,0,0,0,0,0
"Videogame Guardians",44543,18561,14131,0,0,0,0,0,0,0,0,0,0,0,0,0,0,0,0,0,0,0,0,0
"Kaiser",0,0,0,0,0,73233,1967,1036,981,0,0,0,0,0,0,0,0,0,0,0,0,0,0,0
"Heroes of Might and Magic",0,0,0,0,0,0,0,0,0,46350,1569,28656,0,0,0,0,0,0,0,0,0,0,0,0
"Exos Heroes",0,0,0,0,0,0,0,0,0,0,0,0,0,0,0,0,0,0,0,0,0,0,63930,12210
"Special Soldier",25710,36407,13522,0,0,0,0,0,0,0,0,0,0,0,0,0,0,0,0,0,0,0,0,0
"The Soul of Hunter",0,0,0,0,0,0,0,0,0,0,75593,0,0,0,0,0,0,0,0,0,0,0,0,0
"CMM Champions Manager Mobasaka",0,0,0,0,0,38026,34496,2306,0,0,0,0,0,0,0,0,0,0,0,0,0,0,0,0
"Two Three Kingdoms: Turn-based",0,0,0,0,0,0,0,0,0,0,0,0,0,0,0,0,0,0,0,0,0,37221,37012,0
"I am MT 4",0,0,0,0,0,0,0,0,0,0,0,0,0,0,69656,2911,1629,0,0,0,0,0,0,0
"High Level Warrior: Idle",0,0,0,0,0,0,0,0,0,0,0,73818,0,0,0,0,0,0,0,0,0,0,0,0
"MLB 9 Innings 18",1112,0,0,7673,2814,1469,1967,0,0,5561,2285,0,1198,0,0,5413,4813,5666,11221,7168,3835,4854,3402,1618
"Brown Dust",3668,2884,2409,2519,3558,2095,2514,3560,3849,4693,3651,3170,4178,4344,3776,3600,1557,0,0,6088,3963,2874,0,1895
"Bleach: Memories of Nobody",0,0,0,0,0,0,0,0,0,0,0,0,0,0,0,0,56234,7029,1991,1718,1814,1205,0,0
"Girl's Frontline",8817,8269,4915,3405,4319,2644,3056,3123,2836,2407,1958,2145,2829,2377,1968,1674,1851,1616,1706,1998,1084,1133,1529,1623
"El Chronicle",0,24288,0,0,0,0,0,0,21219,21497,0,0,0,0,0,0,0,0,0,0,0,0,0,0
"FIFA ONLINE 3 M",18431,10160,10620,27147,0,0,0,0,0,0,0,0,0,0,0,0,0,0,0,0,0,0,0,0
"Hero Cantare",0,0,0,0,0,0,0,0,0,0,0,0,0,0,19800,28489,12471,5067,0,0,0,0,0,0
"Yu-Gi-Oh! Duel Links",9358,0,0,0,9750,0,0,0,0,4352,0,0,8412,4727,6682,7491,6283,0,0,0,0,3442,3325,0
"Ensemble Stars",0,45543,5953,3098,2951,3505,2087,0,0,0,0,0,0,0,0,0,0,0,0,0,0,0,0,0
"OverHit",18614,9402,3368,2834,3341,4945,3031,2733,2604,2511,1801,4354,2253,0,0,0,0,0,0,0,0,0,0,0
"Alliance X Empire",6026,7619,3423,2958,3328,2243,2698,2254,9611,4548,3053,3622,2628,2857,1959,1614,0,0,0,0,0,1196,0,0
"Toon Blast",0,0,0,0,0,0,0,25798,0,22843,0,12720,0,0,0,0,0,0,0,0,0,0,0,0
"Endless Frontier",3845,33807,23467,0,0,0,0,0,0,0,0,0,0,0,0,0,0,0,0,0,0,0,0,0
"The Kunlun Ruins",0,32290,14073,7933,3178,2815,0,0,0,0,0,0,0,0,0,0,0,0,0,0,0,0,0,0
"Luna M",0,0,0,0,60151,0,0,0,0,0,0,0,0,0,0,0,0,0,0,0,0,0,0,0
"Empires ; Puzzles",0,0,0,0,0,0,0,0,0,0,0,0,0,0,0,0,11241,10565,8896,6804,5082,5834,5791,5234
"Eternal Light",0,0,0,0,52131,4100,2155,1038,0,0,0,0,0,0,0,0,0,0,0,0,0,0,0,0
"ROBLOX",0,0,0,0,0,0,0,0,0,0,0,0,0,0,0,0,0,0,0,0,0,14803,18941,25588
"Snoopy: Spot the Difference",58606,0,0,0,0,0,0,0,0,0,0,0,0,0,0,0,0,0,0,0,0,0,0,0
"Fish Island 2018",0,0,0,0,0,0,0,47310,6723,1584,2794,0,0,0,0,0,0,0,0,0,0,0,0,0
"Tower Defense Three Kingdoms",0,0,0,0,0,0,0,0,0,0,0,0,0,0,0,0,0,0,0,0,30720,10783,8738,7949
"Royal dice",0,0,0,0,0,0,0,0,0,0,0,0,0,0,0,0,0,0,0,0,0,0,22789,35325
"Pokémon Masters",0,0,0,0,0,0,0,0,0,0,0,0,0,0,0,0,0,0,0,0,55731,0,0,0
"Fate/Grand Order",9122,5459,2684,2306,4087,2489,1459,2388,1648,1415,1439,3338,3281,2240,2039,1518,1745,0,1179,1228,0,0,1106,1342
"Age of Z",0,0,0,0,0,0,0,0,0,0,0,0,0,0,0,0,0,0,7619,10665,8278,7208,7964,10473
"Crusaders Quest",5462,0,0,1516,0,0,0,0,0,3997,3399,3627,5315,4068,2558,3086,4947,9426,2228,0,0,0,0,2176
"Pacheon: Those who become gods",0,0,0,0,0,0,0,0,0,0,0,0,0,0,0,13756,14431,3450,3844,7135,7032,2062,0,0
"Hello Hero: Epic Battle",0,0,0,0,0,0,0,50911,0,0,0,0,0,0,0,0,0,0,0,0,0,0,0,0
"Lignus Continental Electric",0,0,0,0,0,0,0,0,0,0,0,0,0,0,48782,0,0,0,0,0,0,0,0,0
"DX: War of the New Century",0,0,0,0,0,0,0,0,0,0,0,0,0,0,0,0,0,0,0,0,0,0,45863,2053
"Azur Lane",0,0,20123,16069,3852,1671,1225,1216,1038,1021,0,1093,0,0,0,0,0,0,0,0,0,0,0,0
"Ghost language",0,0,0,0,0,0,0,0,0,0,9945,2316,5017,2729,7366,7131,1667,4503,1698,3332,0,0,0,0
"Dragon Blaze",1583,3201,1531,1370,0,0,5924,2030,4709,3221,1808,2246,1789,2046,1787,1163,1175,3367,0,0,1559,1015,3494,0
"Dragon Nest",0,0,0,37024,3459,1387,996,1953,0,0,0,0,0,0,0,0,0,0,0,0,0,0,0,0
"Ro: Idle Poring",0,37650,7044,0,0,0,0,0,0,0,0,0,0,0,0,0,0,0,0,0,0,0,0,0
"Soul Ark",0,0,0,0,0,0,0,0,0,0,0,0,0,44477,0,0,0,0,0,0,0,0,0,0
"Dragon Flight",9615,5937,6921,6128,7936,7840,0,0,0,0,0,0,0,0,0,0,0,0,0,0,0,0,0,0
"Lost Decade",0,0,0,0,0,0,0,0,0,0,0,32757,7592,2021,1835,0,0,0,0,0,0,0,0,0
"Yulgang Mobile",9331,28420,1428,1190,1225,880,0,0,1160,0,0,0,0,0,0,0,0,0,0,0,0,0,0,0
"Racing Star M",0,43482,0,0,0,0,0,0,0,0,0,0,0,0,0,0,0,0,0,0,0,0,0,0
"Rohan M",0,0,0,0,0,0,0,0,0,0,0,0,0,0,0,0,0,0,27536,7776,3604,1367,1087,0
"Sword dance of the wind",0,39201,0,0,0,0,0,0,0,0,0,0,0,0,0,0,0,0,0,0,0,0,0,0
"Defend the Castle: Tower Defense",0,0,0,0,0,0,0,0,0,0,0,0,0,0,0,0,39075,0,0,0,0,0,0,0
"Food Fantasy",0,0,0,0,0,0,0,38958,0,0,0,0,0,0,0,0,0,0,0,0,0,0,0,0
"Raven",2450,1960,1587,3357,1958,1610,1684,1499,1552,1653,1673,1183,1217,1055,0,9065,3088,1083,0,0,0,0,0,0
"Inside the Three Kingdoms",0,0,0,6047,7199,3121,0,0,0,0,0,0,0,0,0,20304,0,0,0,0,0,0,0,0
"Anipang 2",2551,1890,2065,1896,1768,1537,1823,2048,1826,1642,1712,1711,3142,1953,1814,1359,1258,1118,1742,1740,0,0,0,0
"Sea Battle M",0,0,0,0,0,0,0,0,0,0,35932,0,0,0,0,0,0,0,0,0,0,0,0,0
"Dark Legend",0,0,0,0,0,0,0,0,0,0,0,7519,2398,1497,21599,0,0,0,0,0,0,0,0,0
"Tera M",13965,6665,3703,2822,2977,2822,0,0,0,0,0,0,0,0,0,0,0,0,0,0,0,0,0,0
"Millennial Jiae M",0,0,0,0,0,0,24005,4577,3583,0,0,0,0,0,0,0,0,0,0,0,0,0,0,0
"RAID: Shadow Legends",0,0,0,0,0,0,0,0,0,0,0,0,0,0,20321,3673,0,0,0,0,0,0,0,7445
"Novoland the Castle in the Sky",0,0,0,0,0,22141,9176,0,0,0,0,0,0,0,0,0,0,0,0,0,0,0,0,0
"Pirates of the Caribbean : Tides of War",1033,0,842,27498,957,0,968,0,0,0,0,0,0,0,0,0,0,0,0,0,0,0,0,0
"Onmyoji",7012,3677,1802,1622,1610,1546,7117,2152,3423,0,0,0,0,0,0,0,0,0,0,0,0,0,0,0
"Noblesse M",0,0,0,28464,0,0,0,0,0,0,0,0,0,0,0,0,0,0,0,0,0,0,0,0
"JX online",4967,2623,2091,4560,3735,3335,2367,1752,1253,1084,0,0,0,0,0,0,0,0,0,0,0,0,0,0
"Pro Baseball H2",0,0,0,7444,0,901,0,1298,0,0,0,0,0,0,0,17742,0,0,0,0,0,0,0,0
"Iron Throne",0,0,0,0,24972,2204,0,0,0,0,0,0,0,0,0,0,0,0,0,0,0,0,0,0
"King of Avalon: Dragon Warfare",4113,2392,1580,0,0,0,0,0,0,0,0,0,0,0,1002,2684,1330,0,0,1542,2576,4803,5040,0
"Awakening Of Dragon",0,0,0,0,0,0,0,0,0,0,0,0,0,0,0,0,0,0,0,0,0,16451,7074,3301
"Hegemony of Qin Empire",0,0,0,26639,0,0,0,0,0,0,0,0,0,0,0,0,0,0,0,0,0,0,0,0
"MLB Perfect Inning Live",0,0,0,0,0,1416,0,0,2548,14829,6105,1654,0,0,0,0,0,0,0,0,0,0,0,0
"God Chronicle",0,0,0,0,0,0,0,0,0,0,0,0,0,0,0,0,0,0,0,0,0,26492,0,0
"Professional baseball superstar",0,0,0,0,0,0,0,0,0,0,0,0,0,0,0,0,0,0,0,0,0,0,0,25939
"My Country",11529,6159,4157,1397,0,0,0,0,1126,0,0,0,0,0,1180,0,0,0,0,0,0,0,0,0
"Battle Warship: Naval Empire",4031,2267,2686,1405,1378,1090,1835,3291,1695,1402,0,0,0,1418,2773,0,0,0,0,0,0,0,0,0
"Witch's Weapon",0,0,0,0,0,0,0,0,0,0,0,0,0,0,24382,0,0,0,0,0,0,0,0,0
"Elune",0,0,0,0,0,0,0,0,0,0,0,0,0,0,0,0,0,0,20206,4082,0,0,0,0
"Dark Avenger 3",5072,4567,4304,4394,3231,2591,0,0,0,0,0,0,0,0,0,0,0,0,0,0,0,0,0,0
"Taigu Fengmo record",0,0,0,0,0,0,0,0,0,0,0,0,0,0,0,0,20474,1322,0,0,0,1533,0,0
"Destiny Child",1211,1475,1177,1492,2978,0,0,1088,1059,2129,1195,0,1249,0,0,0,0,0,0,4157,1050,0,2228,0
"Open New World",0,0,0,0,0,0,0,0,0,0,0,0,0,0,4021,0,0,1704,4763,8038,2538,1128,0,0
"DanMachi Memoria",0,0,0,0,0,0,0,0,0,0,18969,2215,0,0,0,0,0,0,0,0,0,0,0,0
"EVERYTOWN",3378,2610,4527,2565,3059,0,0,0,0,0,0,0,0,0,0,0,0,0,0,3745,0,0,0,0
"Cheonae New Book",0,0,0,0,0,0,0,0,0,0,0,0,16089,1665,1094,0,0,0,0,0,0,0,0,0
"Three Kingdoms Live",6222,5928,6440,0,0,0,0,0,0,0,0,0,0,0,0,0,0,0,0,0,0,0,0,0
"Legend of Bluemoon",0,0,0,0,0,0,0,0,0,0,0,0,0,0,0,0,0,11755,5602,0,0,0,0,0
"League of Angels - Paradise Land",0,0,0,0,0,0,0,0,0,17134,0,0,0,0,0,0,0,0,0,0,0,0,0,0
"TALION",0,0,0,0,0,0,0,0,0,0,0,0,0,0,0,0,0,0,10670,2577,3669,0,0,0
"Angel Era",0,0,0,0,0,0,0,0,0,0,0,0,0,0,0,0,0,12140,4675,0,0,0,0,0
"Anipang Mahjong",3426,3058,2706,2476,2511,2538,0,0,0,0,0,0,0,0,0,0,0,0,0,0,0,0,0,0
"Hot blooded sword",0,0,0,0,0,0,0,0,0,0,0,0,0,0,0,0,0,0,0,0,0,0,0,15581
"Klondike Adventures",0,0,0,0,0,0,0,0,0,0,0,0,5828,3998,5068,0,0,0,0,0,0,0,0,0
"Fengyun 2",0,0,0,0,0,0,0,14536,0,0,0,0,0,0,0,0,0,0,0,0,0,0,0,0
"Z Day: Hearts of Heroes",0,0,0,0,0,0,0,0,0,4616,3550,0,0,1273,2383,1159,0,1423,0,0,0,0,0,0
"Dragon Ball Z Dokkan Battle",0,0,0,0,809,0,3002,1230,3271,1347,0,0,0,3570,1005,0,0,0,0,0,0,0,0,0
"Ark command",0,0,0,0,0,0,0,0,0,0,0,0,0,0,0,0,0,0,0,12521,1667,0,0,0
"Free Style 2: Flying Dunk",4918,5053,3602,0,0,0,0,0,0,0,0,0,0,0,0,0,0,0,0,0,0,0,0,0
"Dice remnant",0,0,0,13486,0,0,0,0,0,0,0,0,0,0,0,0,0,0,0,0,0,0,0,0
"Demon Seals",0,0,0,0,13333,0,0,0,0,0,0,0,0,0,0,0,0,0,0,0,0,0,0,0
"Samurai Spirits",0,0,0,0,0,0,0,0,0,0,0,0,0,0,0,13296,0,0,0,0,0,0,0,0
"Mobile team",0,0,0,0,0,0,0,0,0,0,0,0,13240,0,0,0,0,0,0,0,0,0,0,0
"God of Highschool",2352,2904,1946,2141,0,3718,0,0,0,0,0,0,0,0,0,0,0,0,0,0,0,0,0,0
"FIFA Soccer",0,0,0,0,0,0,0,0,0,0,0,0,0,12605,0,0,0,0,0,0,0,0,0,0
"Black world",0,0,0,0,0,0,0,0,0,0,0,2974,2154,1572,2505,0,0,1229,2111,0,0,0,0,0
"Sangokushi Taisen",0,0,0,0,0,0,0,0,0,10817,1557,0,0,0,0,0,0,0,0,0,0,0,0,0
"Ragnarok assaulted by Urachacha",0,0,0,0,0,0,0,0,0,0,0,0,0,0,0,0,0,0,0,0,0,11559,0,0
"Devil maker",0,0,0,0,11226,0,0,0,0,0,0,0,0,0,0,0,0,0,0,0,0,0,0,0
"Sangokushi Sousouden Online",1707,1587,1392,1129,1391,0,0,0,1459,1484,981,0,0,0,0,0,0,0,0,0,0,0,0,0
"The King of Fighters' 98 Ultimate Match",2621,1948,1624,0,0,1117,1210,0,1043,0,1218,0,0,0,0,0,0,0,0,0,0,0,0,0
"HEIR OF LIGHT",0,0,0,0,0,0,0,0,0,0,0,0,0,0,10569,0,0,0,0,0,0,0,0,0
"Ghost",0,9213,895,0,0,0,0,0,0,0,0,0,0,0,0,0,0,0,0,0,0,0,0,0
"Chain Strike",0,0,0,9842,0,0,0,0,0,0,0,0,0,0,0,0,0,0,0,0,0,0,0,0
"Three Kingdoms Blade",2840,2135,926,872,800,0,0,1204,967,0,0,0,0,0,0,0,0,0,0,0,0,0,0,0
"Jurassic World: The Game",0,0,0,0,0,0,9537,0,0,0,0,0,0,0,0,0,0,0,0,0,0,0,0,0
"War and Order",9155,0,0,0,0,0,0,0,0,0,0,0,0,0,0,0,0,0,0,0,0,0,0,0
"Perfect World",0,0,0,0,0,0,0,0,0,0,0,0,0,0,0,0,0,0,0,0,0,0,7675,1304
"We Fire",5127,3821,0,0,0,0,0,0,0,0,0,0,0,0,0,0,0,0,0,0,0,0,0,0
"MU: Origin",1331,1004,894,1395,1788,1769,0,0,0,0,0,0,0,0,0,0,0,0,0,0,0,0,0,0
"Engagement: the spirit comes again",0,0,0,0,0,0,0,0,0,0,0,0,0,0,0,0,0,0,0,0,0,0,8177,0
"Sword and contract",0,0,0,0,0,0,0,0,0,0,0,0,0,0,0,0,0,0,0,0,3479,3539,0,0
"Golf Clash",0,0,0,0,0,0,6791,0,0,0,0,0,0,0,0,0,0,0,0,0,0,0,0,0
"Thirty six strategies",0,0,0,0,0,0,0,0,0,0,0,0,0,0,0,0,0,0,0,0,6697,0,0,0
"Yeokcheon: authentic historical drama",0,0,0,0,5375,0,0,0,0,0,0,0,0,0,0,0,0,0,0,0,0,0,0,0
"Last Empire-War Z",5042,0,0,0,0,0,0,0,0,0,0,0,0,0,0,0,0,0,0,0,0,0,0,0
"King Of The Land",0,0,0,0,0,0,0,0,0,0,0,0,0,0,0,0,0,0,0,0,0,0,2552,2203
"The Epoch of Eternity",1599,1070,0,1130,888,0,0,0,0,0,0,0,0,0,0,0,0,0,0,0,0,0,0,0
"Fire Like the Song",0,0,0,0,0,0,0,0,0,0,4362,0,0,0,0,0,0,0,0,0,0,0,0,0
"Saint Seiya : Awakening",0,0,0,0,0,0,0,0,0,0,0,0,0,0,0,0,0,0,0,0,0,0,4271,0
"FINAL FANTASY BRAVE EXVIUS",1256,0,0,0,1393,0,0,0,0,965,0,0,0,0,0,0,0,0,0,0,0,0,0,0
"Com2uS Pro Baseball for Manager Season 3",0,0,0,1592,1572,0,0,0,0,0,0,0,0,0,0,0,0,0,0,0,0,0,0,0
"Club Audition",2312,0,0,0,0,0,0,0,0,0,0,0,0,0,0,0,0,0,0,0,0,0,0,0
"Puzzle ; Dragons",0,0,842,0,0,0,0,0,0,0,1443,0,0,0,0,0,0,0,0,0,0,0,0,0
"DRAGON BALL LEGENDS",0,0,0,0,0,0,0,0,0,0,0,0,0,0,0,0,0,2227,0,0,0,0,0,0
"Hand tour in Shumen",0,0,0,0,0,0,0,0,0,0,0,2219,0,0,0,0,0,0,0,0,0,0,0,0
"Ark Road Awake",1741,0,0,0,0,0,0,0,0,0,0,0,0,0,0,0,0,0,0,0,0,0,0,0
"Sword Kingdom",0,0,0,0,0,0,0,0,0,0,0,0,0,0,0,1156,0,0,0,0,0,0,0,0
"miracle",0,0,0,0,0,1039,0,0,0,0,0,0,0,0,0,0,0,0,0,0,0,0,0,0
"Anipang Matgo",0,0,0,0,0,0,0,0,0,0,0,0,0,0,0,0,0,0,0,0,0,0,0,0
"Anipang Poker",0,0,0,0,0,0,0,0,0,0,0,0,0,0,0,0,0,0,0,0,0,0,0,0
"Cabal Mobile",0,0,0,0,0,0,0,0,0,0,0,0,0,0,0,0,0,0,0,0,0,0,0,0
"Clash of Kings",0,0,0,0,0,0,0,0,0,0,0,0,0,0,0,0,0,0,0,0,0,0,0,0
"Cool",0,0,0,0,0,0,0,0,0,0,0,0,0,0,0,0,0,0,0,0,0,0,0,0
"EOS Red",0,0,0,0,0,0,0,0,0,0,0,0,0,0,0,0,0,0,0,0,0,0,0,0
"Expeditionary hand tour",0,0,0,0,0,0,0,0,0,0,0,0,0,0,0,0,0,0,0,0,0,0,0,0
"Hangame New Matgo",0,0,0,0,0,0,0,0,0,0,0,0,0,0,0,0,0,0,0,0,0,0,0,0
"Hit Zombie-Idle Zombie Shooter",0,0,0,0,0,0,0,0,0,0,0,0,0,0,0,0,0,0,0,0,0,0,0,0
"Islands Mobile",0,0,0,0,0,0,0,0,0,0,0,0,0,0,0,0,0,0,0,0,0,0,0,0
"Legend of Mir II",0,0,0,0,0,0,0,0,0,0,0,0,0,0,0,0,0,0,0,0,0,0,0,0
"Miracle muol H5",0,0,0,0,0,0,0,0,0,0,0,0,0,0,0,0,0,0,0,0,0,0,0,0
"Mobasaka Ultimate Football Club",0,0,0,0,0,0,0,0,0,0,0,0,0,0,0,0,0,0,0,0,0,0,0,0
"Net stone Poker",0,0,0,0,0,0,0,0,0,0,0,0,0,0,0,0,0,0,0,0,0,0,0,0
"New Jianghu",0,0,0,0,0,0,0,0,0,0,0,0,0,0,0,0,0,0,0,0,0,0,0,0
"Peerless martial arts",0,0,0,0,0,0,0,0,0,0,0,0,0,0,0,0,0,0,0,0,0,0,0,0
"R0",0,0,0,0,0,0,0,0,0,0,0,0,0,0,0,0,0,0,0,0,0,0,0,0
"Sapphire Sphere",0,0,0,0,0,0,0,0,0,0,0,0,0,0,0,0,0,0,0,0,0,0,0,0
"Soccer Spirits",0,0,0,0,0,0,0,0,0,0,0,0,0,0,0,0,0,0,0,0,0,0,0,0
"Super Rich",0,0,0,0,0,0,0,0,0,0,0,0,0,0,0,0,0,0,0,0,0,0,0,0
"Swordmaster Story",0,0,0,0,0,0,0,0,0,0,0,0,0,0,0,0,0,0,0,0,0,0,0,0
"The origin of the last",0,0,0,0,0,0,0,0,0,0,0,0,0,0,0,0,0,0,0,0,0,0,0,0
"The Rulers",0,0,0,0,0,0,0,0,0,0,0,0,0,0,0,0,0,0,0,0,0,0,0,0
"Twelve thousand M",0,0,0,0,0,0,0,0,0,0,0,0,0,0,0,0,0,0,0,0,0,0,0,0
"Warship Saga 1942",0,0,0,0,0,0,0,0,0,0,0,0,0,0,0,0,0,0,0,0,0,0,0,0
