"game_name","2018/01","2018/02","2018/03","2018/04","2018/05","2018/06","2018/07","2018/08","2018/09","2018/10","2018/11","2018/12","2019/01","2019/02","2019/03","2019/04","2019/05","2019/06","2019/07","2019/08","2019/09","2019/10","2019/11","2019/12"
"Total",19847681,16625440,26057971,23259729,20842464,22789198,23487794,21503315,18603547,21245167,17582581,24746925,25028667,20827540,21859081,21033920,19829280,20851253,22133504,18824951,31516919,25531765,18487763,21053759
"Fortnite",0,0,5080503,4005525,3044224,2733065,2982549,2423352,2262793,1819919,1407310,2363431,1588772,1203819,1207881,955019,985872,880738,974169,933423,912313,971058,793953,1173031
"ROBLOX",1114399,1047084,1143279,1079676,941075,1154263,1229399,1080329,865259,786410,853665,1293647,1149106,884237,986369,937078,983722,1254956,1298784,1180212,979235,728394,882696,1277396
"Wordscapes",0,0,0,0,0,0,847604,941595,1114755,1136656,1382489,2014459,2268111,1783806,1691904,1283931,1180307,1020408,1012354,960142,823196,714028,1048524,1000836
"Mario Kart Tour",0,0,0,0,0,0,0,0,0,0,0,0,0,0,0,0,0,0,0,0,13097350,2628603,1447527,1433606
"Homescapes",569319,526568,516384,387076,466236,485876,503883,406940,259544,254106,245655,339827,497865,690046,900311,1637191,1090892,1023143,1444900,951313,782525,808079,828329,799885
"PUBG MOBILE",0,0,0,0,0,1284399,1141563,1221697,1089538,977034,907039,1289538,936854,808659,791950,724114,706101,644401,728912,592535,633605,551904,386805,523463
"Episode",759179,483400,531548,508259,594269,763554,737432,566369,427744,507647,594805,944793,870082,517615,648446,505555,563061,609088,674992,533011,438376,412642,407290,620823
"Toon Blast",693613,599763,679714,720128,695535,855364,841367,802607,650903,865114,795191,577084,516143,341385,365301,431583,630874,502534,457341,438803,447347,462803,405548,331350
"Candy Crush Saga",762743,690076,665718,463241,530242,549052,559756,532616,447566,486179,401298,681231,762640,560791,611142,436862,455699,534620,557182,511967,528943,432992,480590,587401
"8 Ball Pool",750547,549518,587567,402484,454421,508062,506702,549571,468849,569152,618435,767514,669966,546867,603483,496070,480740,539097,570212,495512,507223,437932,501133,605986
"Pokémon GO",459244,364928,355727,393094,397817,678664,795880,704572,475129,440991,441119,661090,451524,434459,472627,485317,670788,761215,881803,786357,846720,443755,416385,350091
"Call of Duty: Mobile",0,0,0,0,0,0,0,0,0,0,0,0,0,0,0,0,0,0,0,0,0,8170086,2663399,2009796
"Matchington Mansion",0,0,0,0,0,0,0,0,0,260899,358433,487349,840902,2379146,2361941,1191848,852571,790124,707710,572730,486267,374528,375560,272104
"Angry Birds 2",510307,517262,476306,586134,563432,422252,409610,482697,560853,813257,687013,646640,551568,385063,417130,385014,309630,276729,481593,585782,307067,218246,284797,391594
"Choices: Stories You Play",1052763,615030,618367,450891,505785,550876,528503,388126,291473,328381,390817,567963,479000,335986,383103,266970,229326,267509,263359,220133,155399,128127,140637,187192
"Clash Royale",396565,325838,376724,343195,351268,357912,289060,290293,371055,336886,336574,473212,320609,299465,314286,425950,552321,422402,439702,394262,430704,310783,294061,361780
"Clash of Clans",341213,329376,292642,238473,276575,360128,299387,302091,300548,395484,413231,510894,402102,326562,372120,486452,493528,471572,338402,361866,341084,277986,266064,469537
"Gardenscapes - New Acres",244215,212175,253042,199769,187108,195137,233337,198136,177776,176488,149605,183425,241464,316666,535675,505294,510196,655118,826683,469690,492554,547128,432931,389872
"Design Home",624200,301536,373659,345059,280026,276923,302532,282868,239580,171921,184007,296441,375679,267045,321257,323795,287566,472935,660688,584058,482579,330356,277457,260587
"Harry Potter: Hogwarts Mystery",0,0,0,2578451,1398085,407077,426773,377068,292416,217684,246779,268631,209365,173883,155233,137691,139158,224835,144047,137189,128492,0,0,0
"CSR Racing 2",350228,372863,315827,277894,274449,234341,330405,263237,297802,317188,308504,319064,392910,391109,399151,254543,204073,292180,310735,419244,375232,214974,213998,264527
"Madden NFL Mobile",339117,268074,198507,140034,135758,133969,0,445381,473315,409716,404434,396474,360878,266076,178460,0,0,0,0,0,804718,671636,573099,646382
"Brawl Stars",0,0,0,0,0,0,0,0,0,0,0,2320912,1218989,609660,420596,399730,376429,304783,283350,237760,254232,0,0,251299
"Coin Master",0,0,173327,0,198766,270897,385164,305373,256339,231327,246269,251108,342593,350395,338889,368289,432116,548558,512398,391341,272343,246488,266127,268554
"Golf Clash",419416,353609,379475,342872,309901,334130,386945,389885,313261,386550,258082,245863,460050,316388,243105,206995,164766,160889,208293,163956,146506,103085,78436,78040
"Township",138723,110993,177065,142383,138860,117948,140104,115861,147443,194629,178617,164327,270769,245642,393192,446669,375003,479495,467988,497998,434230,304012,369946,258035
"Sniper 3D Assassin",0,717605,0,812163,805932,689646,649976,519715,456522,0,0,0,669259,0,0,0,0,0,0,0,0,0,0,809190
"Candy Crush Friends Saga",0,0,0,0,0,0,0,0,0,2666957,539463,393502,462889,212075,199412,141298,126528,140870,126059,73033,63904,76956,60022,94154
"Marvel Contest of Champions",159063,366516,184144,228097,313917,150704,189172,164813,145296,145007,156474,268375,266009,145106,235478,238145,389674,203255,338678,217328,130953,95836,136639,158517
"New YAHTZEE With Buddies",271313,208334,188251,214171,154563,225381,264007,270553,264064,243908,250752,271467,284201,218210,193355,140079,172929,192953,214178,155237,120451,157845,166850,164186
"Word Crossy",0,0,0,470697,630084,705783,1172356,844981,521404,566645,0,0,0,0,0,0,0,0,0,0,0,0,0,0
"Fishdom: Deep Dive",169724,153422,173857,158409,161340,146303,176315,222116,161904,146852,122066,129882,183155,123058,123797,357896,563649,684115,243947,64515,68273,84689,85380,252954
"Toy Blast",276771,207196,242736,183318,213503,235811,254436,247303,200835,213002,193943,173124,194455,156031,165797,157047,170710,172248,184454,163931,180801,205665,156569,134849
"Final Fantasy XV: A New Empire",617682,610061,659636,401718,369552,408172,300623,239709,120158,79524,55744,84334,136881,119356,107691,82859,40412,58179,56599,35783,37293,33337,0,0
"Lords Mobile",448848,116508,133994,126760,162414,171138,191632,412051,449263,201857,144802,191435,179857,121905,149263,128589,69044,122622,176105,65759,91599,62587,155807,129638
"Merge Dragons",144076,123399,189726,176957,156092,142374,104748,86177,84157,102769,110512,169044,211329,245618,264148,238748,209297,210592,241546,210115,153657,123371,133192,304936
"Candy Crush Soda Saga",349284,275213,271983,203651,211142,195851,182011,166931,153401,131280,131574,164077,197168,163226,154751,108693,131962,132762,146769,116550,104943,100529,126071,178492
"Best Fiends",0,0,0,0,0,156512,216065,164027,180161,220789,148083,121167,232866,250166,279830,227500,248704,240170,270494,291487,198895,168928,192724,167286
"Hay Day",150524,121113,139386,146062,108008,145940,127757,108495,107910,161124,160086,252859,228780,213352,242431,183671,149423,161692,186165,151648,104514,87534,105756,148011
"MLB Tap Sports Baseball 2019",0,0,0,0,0,0,0,0,0,0,0,0,0,0,0,1313984,674050,551761,377313,206805,118448,148440,73350,71830
"War Robots",270781,224461,246891,205806,249538,265880,293138,239666,134447,127116,148140,133891,0,127292,0,90131,82787,94749,95149,96221,74004,59751,76384,77873
"World Series of Poker",186442,139024,135450,120839,128365,127235,188086,165037,127375,132462,153829,162799,198640,156288,144967,126134,125320,134304,177871,141801,114732,88327,103656,131148
"MARVEL Strike Force",0,0,0,524417,451834,183808,188631,121036,173527,168907,95677,126430,144546,75327,118083,140576,184495,161779,156408,96192,72982,72805,64194,52326
"The Sims Mobile",0,0,2901781,0,0,0,0,0,0,0,0,0,0,0,0,0,0,0,0,0,0,0,0,0
"Mafia City",0,0,0,141931,110426,95783,132542,130882,124474,101743,107152,134026,362549,117725,116723,134905,115928,145901,174754,153175,151629,96045,81464,108514
"Slotomania",185652,131043,124281,171480,171662,145722,164435,147420,157304,150137,161223,200033,172511,129119,103084,79904,79863,75654,64692,50925,51892,38444,36793,44872
"Solitaire TriPeaks",98964,89571,103745,191000,185191,185995,199801,181643,137439,133613,105620,97450,167212,112297,101403,116261,99423,74259,71284,60795,41117,62603,60118,88928
"Chapters-Interactive stories",0,0,0,0,0,0,0,0,0,0,0,141698,186053,162048,182565,154065,194647,310029,207920,352477,236600,279293,166561,119957
"MLB Tap Sports Baseball 2018",0,0,0,1017843,484857,302636,206554,178528,124320,86698,66495,32582,34628,58435,0,0,0,0,0,0,0,0,0,0
"Guns of Glory",243717,160049,112443,103705,107438,97375,91582,128426,88888,65017,70460,109056,151810,142031,143779,106051,148420,115954,0,59612,66970,46582,44489,44446
"Idle Heroes",104357,80401,114349,91726,87526,110678,98695,136225,81713,71332,80747,102081,132743,128833,115822,117153,93637,114596,93384,78330,69046,58701,61027,46676
"Board Kings",0,0,0,0,0,0,0,0,0,0,0,198210,239355,222811,202615,171968,184008,214597,194887,148714,134116,142006,96466,74434
"Pixel Gun 3D",413047,355671,379250,263947,284053,417476,0,0,0,0,0,0,0,0,0,0,0,0,0,0,0,0,0,0
"Panda Pop",345406,286786,278014,165303,60783,158258,322821,216436,112472,126581,0,0,0,0,0,0,0,0,0,0,0,0,0,0
"Slots - House of Fun",144692,106850,113366,102090,97775,88610,110344,113674,81377,71146,76523,98372,117262,87982,95282,78979,59140,61563,66666,72992,56660,54975,51499,52597
"Last Shelter: Survival",0,0,0,0,0,0,0,58662,45219,57454,46759,54392,174772,162274,89658,147402,130951,191621,232420,150216,161720,104120,92905,105103
"Star Wars: Galaxy of Heroes",220639,120363,104874,115331,158505,88966,102778,92612,70206,64973,62963,74351,34381,43989,53081,0,31868,0,41517,0,74570,66478,95838,280802
"DRAGON BALL LEGENDS",0,0,0,0,0,613227,0,0,0,0,117565,115369,150169,98734,188893,132983,0,175739,0,73411,0,72273,73763,144727
"Rules of Survival",0,0,1890960,0,0,0,0,0,0,0,0,0,0,0,0,0,0,0,0,0,0,0,0,0
"RAID: Shadow Legends",0,0,0,0,0,0,0,0,0,0,0,0,0,0,0,213730,200082,166507,149824,185824,306101,235546,180526,248502
"Rise of Kingdoms",0,0,0,0,0,0,0,0,0,238873,149282,153333,135742,160683,129988,119864,84606,77758,73151,73728,113735,125018,125192,118662
"BINGO Blitz",91218,79742,90858,72618,77745,75855,74795,66354,52610,62709,67409,74688,97631,111077,109979,93404,77203,71331,87667,65883,71411,65529,63514,58120
"Army Men Strike",107877,111706,272711,135766,163270,145230,139430,124339,112726,40592,0,49376,70496,41788,36295,41347,58245,59854,55391,38252,0,0,0,0
"Home Design Makeover",0,0,0,0,0,0,336308,241928,127230,102027,138163,134377,266486,119596,127228,70544,62685,0,0,0,0,0,0,0
"Empires ; Puzzles",37160,37976,48156,30001,71795,133856,112078,100131,69214,114578,115139,119255,131573,92808,101574,88843,55606,61369,56699,43239,40279,34355,0,0
"Cookie Jam",105980,74733,64861,53712,30610,37016,78497,50240,41802,45978,55775,69261,89663,68307,59085,66021,85263,105310,126802,106577,77626,61275,58242,64994
"Game of Thrones: Conquest",88333,79709,52330,42826,50898,43545,44508,51003,34523,26765,66239,77344,95761,62743,84047,185156,245605,99082,39002,64808,58738,35550,0,0
"Jackpot City Slots",160429,90775,105574,119775,107036,90043,99729,89923,106607,121437,106111,73883,69372,66595,50505,0,110264,40481,0,0,0,0,0,0
"Billionaire Casino",90683,95952,123979,107824,155940,95563,102005,101579,90177,82727,70713,65926,74671,54673,46181,34015,0,35257,41633,42609,41090,38123,0,0
"Miracle Nikki",207168,113533,126813,110684,105734,125443,108723,83687,53578,50290,52054,63543,58830,67899,74593,61155,64510,56923,0,0,0,0,0,0
"POP! Slots",93487,80262,73896,57700,49892,72427,90258,91567,74098,69649,64290,59371,65330,69806,106558,78221,85977,46007,47010,47439,43839,53904,42887,0
"Caesars Slots",87811,85692,84166,87401,78374,60574,70764,71521,56951,50511,42039,57913,75881,59868,77940,61840,49574,43127,60288,63529,67913,60402,46319,50269
"Covet Fashion",0,163037,0,0,0,0,0,0,0,0,0,0,260384,216799,196800,0,0,0,233351,180732,90167,0,152338,0
"Cooking Craze",0,231957,202416,187761,186102,208632,0,0,227111,222711,0,0,0,0,0,0,0,0,0,0,0,0,0,0
"Archero",0,0,0,0,0,0,0,0,0,0,0,0,0,0,0,0,0,772170,0,407739,280882,0,0,0
"Jurassic World Alive",0,0,0,0,0,1002081,262432,134117,0,0,0,0,0,0,0,0,0,0,0,0,0,0,0,0
"Dragon Ball Z Dokkan Battle",64826,61048,63887,51643,59044,37460,62715,53842,71910,46136,49908,59680,67688,75685,69081,51909,58363,47227,74115,55718,64069,42797,53358,51367
"Slots Casino Games by Huuuge",146803,102691,85115,75449,74594,84794,78812,78157,61328,66011,61763,58352,53675,37726,40087,36901,31055,36309,53349,39883,40698,41673,0,0
"Farm Heroes Saga",81882,91267,106046,63548,57206,54521,57816,52296,45479,44709,38693,54090,78570,72930,51001,44110,46049,48065,47262,43170,51725,42901,36456,44460
"Free Fire",0,0,0,0,0,0,0,0,0,0,0,0,0,0,159731,146771,152176,164275,169958,142703,114197,83958,85000,125185
"DoubleDown Casino",75309,67760,70318,52272,46569,46655,61572,64461,64673,59399,47971,52915,57470,43169,44155,42508,44664,48081,56437,57256,51930,47286,46224,45442
"Jackpot Party Casino",57978,56225,52907,47563,44436,43248,76256,62413,54016,50153,49020,40892,54008,55556,56963,42015,35753,40118,44930,53235,43398,55727,62439,41482
"King of Avalon: Dragon Warfare",41249,32464,33085,43967,34579,37511,50936,37485,33619,32874,32265,38092,40340,31843,51001,59414,49056,63577,39013,77625,80623,67306,113774,94525
"War Dragons",88097,53317,67011,92982,82137,96543,87600,87317,55577,51377,56520,68740,70202,52709,46197,45670,47374,0,44288,0,0,0,0,0
"Cashman Casino",128921,108567,110600,87552,70105,72248,85263,81133,73369,64815,58295,53423,59297,44685,43329,33134,0,0,0,0,0,0,0,0
"Candy Crush Jelly Saga",103241,91266,92979,91652,79787,84649,106879,67944,60252,67657,60257,79854,80746,68880,0,0,0,0,0,0,0,0,0,0
"AFK Arena",0,0,0,0,0,0,0,0,0,0,0,0,0,0,0,291818,150851,180999,145014,125842,68133,42948,37355,91380
"Seekers Notes",157953,124789,127868,117992,109145,92317,88467,81978,51221,61665,46771,44354,0,0,0,0,0,0,0,0,0,0,0,0
"Hidden City: Mystery of Shadows",270370,118329,125626,182907,107179,103098,144412,0,0,0,0,0,0,0,0,0,0,0,0,0,0,0,0,0
"June's Journey",0,0,0,0,0,0,0,0,0,0,0,0,0,0,108109,95424,95611,102471,103702,95471,93824,105896,116125,115405
"Pokémon Masters",0,0,0,0,0,0,0,0,0,0,0,0,0,0,0,0,0,0,0,0,1012963,0,0,0
"Zynga Poker",97830,67197,70092,60103,55730,57977,67632,61487,52086,58659,55348,53230,64431,127988,57110,0,0,0,0,0,0,0,0,0
"Klondike Adventures",0,0,0,0,0,0,0,0,0,0,0,77289,95594,84946,123381,96311,76104,63589,83841,56007,33524,39801,55296,116483
"Big Fish Casino",112834,91142,85129,80620,72839,64147,75952,53720,45774,43603,35547,45073,46602,41649,0,0,0,94638,0,0,0,0,0,0
"Game of Sultans",0,0,0,0,0,0,0,0,0,151464,52025,70965,83382,78795,69687,55733,31383,56192,103648,79928,65530,64026,0,0
"The Sims FreePlay",430946,252067,277432,0,0,0,0,0,0,0,0,0,0,0,0,0,0,0,0,0,0,0,0,0
"Last Day on Earth: Survival",219481,201650,193089,160836,182039,0,0,0,0,0,0,0,0,0,0,0,0,0,0,0,0,0,0,0
"Bingo Bash",67729,41135,49458,57618,43332,43055,55190,53991,44066,56739,73256,70441,59970,50400,60393,51097,38729,37471,0,0,0,0,0,0
"Yu-Gi-Oh! Duel Links",63513,53236,63943,61367,64244,64953,0,0,50684,51486,46598,0,65951,56384,0,57845,75224,62816,0,0,57726,54191,0,0
"MARVEL Future Fight",69212,104303,78332,69508,96893,72993,51300,63248,39101,31162,41095,0,0,0,62431,0,142351,0,0,0,0,0,0,0
"DoubleU Casino",67664,69214,71196,48403,41475,30770,42693,43415,38057,42788,50114,48275,54468,36325,38953,33883,30831,35975,0,0,34167,41121,0,0
"Heart of Vegas",82891,73344,85572,72562,64275,55251,59212,56858,43785,47049,44964,37926,49079,37320,0,0,0,0,0,0,0,31342,0,42703
"Bubble Witch 3 Saga",96243,77915,82377,70475,111551,74172,61106,59014,56170,57033,60197,0,0,0,0,0,0,0,0,0,0,0,69444,0
"Cash Frenzy",0,0,0,0,0,0,0,0,0,0,0,0,0,0,0,46681,46966,83031,269806,63966,40069,46728,101183,153977
"Quick Hit Slots by Dragonplay",61294,67345,81280,60537,44405,42368,49540,56089,48335,34819,37654,34986,51493,46207,44837,37708,36660,0,0,0,0,0,0,0
"Hero Wars",0,0,0,0,0,0,0,0,0,0,0,0,0,0,0,0,0,0,65063,148518,229581,192311,91859,101432
"Diner DASH Adventures",0,0,0,0,0,0,0,0,0,0,0,0,0,0,0,0,0,0,527598,291058,0,0,0,0
"The Walking Dead: Road to Survival",65373,68837,57671,44821,58564,55773,133470,77797,38197,45151,37608,46791,73224,0,0,0,0,0,0,0,0,0,0,0
"Star Trek Fleet Command",0,0,0,0,0,0,0,0,0,0,0,225986,137466,77707,73623,45562,49731,38842,49683,37512,33367,0,0,0
"Clockmaker",0,0,0,0,0,0,0,0,0,0,0,0,0,0,0,0,0,0,0,0,128283,183656,225440,163180
"Pet Rescue Saga",77487,50849,53757,44026,42232,41677,0,0,38152,37328,0,49323,84809,46693,48368,0,46023,0,39742,0,0,0,0,0
"Lily's Garden",0,0,0,0,0,0,0,0,0,0,0,0,0,0,0,0,0,0,0,184841,176462,131837,102347,99360
"WWE: Champions",80983,39456,68373,44572,43168,63677,0,67563,40409,28193,46758,0,0,0,65319,45823,0,0,0,0,0,35609,0,0
"Scatter Slots",52199,39919,40722,39454,29056,28541,0,32380,28671,30459,0,0,0,44453,58091,51140,45456,35301,48533,44412,0,0,0,0
"Harry Potter: Wizards Unite",0,0,0,0,0,0,0,0,0,0,0,0,0,0,0,0,0,0,630829,0,0,0,0,0
"Solitaire - Grand Harvest",0,0,0,0,0,0,0,0,0,0,0,0,0,0,74261,64426,54542,54297,61480,66592,56693,58040,63698,62988
"Free Slots: Hot Vegas Slot Machines",0,0,0,0,0,0,0,0,0,0,0,0,0,0,0,0,38017,43510,119539,66728,60167,62444,58167,159092
"Merge Magic",0,0,0,0,0,0,0,0,0,0,0,0,0,0,0,0,0,0,0,0,0,272720,167771,144265
"Legendary: Game of Heroes",53021,57588,52538,49136,37950,35935,34338,45038,41626,47913,51624,40135,0,0,0,0,0,0,0,0,0,0,0,0
"Hearthstone: Heroes of Warcraft",61084,47219,53261,88912,0,0,57332,76982,0,0,0,77339,0,0,0,56397,0,0,0,0,0,0,0,0
"Forge of Empires",96512,71412,68312,0,0,0,0,92266,73728,0,0,64388,0,0,0,0,0,0,0,0,0,0,0,0
"Cooking Fever",441646,0,0,0,0,0,0,0,0,0,0,0,0,0,0,0,0,0,0,0,0,0,0,0
"Gummy Drop!",59235,64391,44852,49703,51391,44799,40011,36762,40750,0,0,0,0,0,0,0,0,0,0,0,0,0,0,0
"Castle Clash",84932,161434,36176,29006,26282,35985,51029,0,0,0,0,0,0,0,0,0,0,0,0,0,0,0,0,0
"KONAMI Slots",54562,31028,0,0,0,0,0,0,26503,36440,53905,61721,48473,37434,37596,35226,0,0,0,0,0,0,0,0
"Gold Fish Casino Slots",50141,66565,59922,48080,37471,35053,34873,36870,28695,24968,0,0,0,0,0,0,0,0,0,0,0,0,0,0
"Summoners War",55159,105200,66407,27965,33814,36380,37820,29536,27018,0,0,0,0,0,0,0,0,0,0,0,0,0,0,0
"Vikings: War of Clans",38901,42985,52041,40001,38020,0,0,40614,37678,39622,44595,0,43770,0,0,0,0,0,0,0,0,0,0,0
"Hustle Castle: Fantasy Kingdom",0,0,0,0,0,0,0,0,0,121719,47457,45716,0,87439,86855,0,0,0,0,0,0,0,0,0
"War and Order",50490,49078,52503,40625,37361,31326,0,28110,0,0,32450,0,0,0,0,0,0,0,0,0,0,0,0,0
"Lineage 2 Revolution",77303,35387,54000,31513,58732,44803,0,0,0,0,0,0,0,0,0,0,0,0,0,0,0,0,0,0
"Dragon City",0,0,0,0,0,0,278499,0,0,0,0,0,0,0,0,0,0,0,0,0,0,0,0,0
"Looney Tunes World of Mayhem",0,0,0,0,0,0,0,0,0,0,0,0,276342,0,0,0,0,0,0,0,0,0,0,0
"Epic Seven",0,0,0,0,0,0,0,0,0,0,82360,49552,0,0,33553,37393,39341,0,0,0,0,0,0,0
"Dragalia Lost",0,0,0,0,0,0,0,0,0,164418,75882,0,0,0,0,0,0,0,0,0,0,0,0,0
"World War Rising",0,0,0,0,0,0,0,0,0,0,0,0,0,0,126016,107900,0,0,0,0,0,0,0,0
"Brutal Age: Horde Invasion",0,0,0,0,59464,57101,58578,27823,0,0,0,0,0,0,0,0,0,0,0,0,0,0,0,0
"myVEGAS Slots",0,0,0,0,0,0,0,0,0,0,41061,34204,48376,34383,42720,0,0,0,0,0,0,0,0,0
"Wizard of Oz Slots Casino",37462,30619,32197,27648,26094,0,0,0,0,0,0,0,0,0,0,0,0,0,0,0,0,0,0,0
"Fire Emblem Heroes",39180,32110,0,26784,0,0,0,45461,0,0,0,0,0,0,0,0,0,0,0,0,0,0,0,0
"Revenge of Sultans",36013,31097,0,29800,35573,0,0,0,0,0,0,0,0,0,0,0,0,0,0,0,0,0,0,0
"Mobile Legends: Bang bang",0,0,0,0,0,0,0,0,0,0,0,0,0,0,0,0,0,0,0,67791,0,0,0,60873
"Kim Kardashian: Hollywood",125270,0,0,0,0,0,0,0,0,0,0,0,0,0,0,0,0,0,0,0,0,0,0,0
"MapleStory M",0,0,0,0,0,0,0,117094,0,0,0,0,0,0,0,0,0,0,0,0,0,0,0,0
"Monster Legends",105973,0,0,0,0,0,0,0,0,0,0,0,0,0,0,0,0,0,0,0,0,0,0,0
"The Wizard of Oz: Magic Match",36963,27183,0,0,0,0,37430,0,0,0,0,0,0,0,0,0,0,0,0,0,0,0,0,0
"GSN Casino",42782,31249,0,0,0,0,0,0,0,0,0,0,0,0,0,0,0,0,0,0,0,0,0,0
"Disney Magic Kingdoms",0,0,0,0,0,0,0,0,58214,0,0,0,0,0,0,0,0,0,0,0,0,0,0,0
"MLB Tap Sports Baseball 2017",41825,0,0,0,0,0,0,0,0,0,0,0,0,0,0,0,0,0,0,0,0,0,0,0
"Lightning Link Casino",0,0,0,0,0,0,0,0,0,0,0,0,0,0,0,0,35742,0,0,0,0,0,0,0
"Langrisser",0,0,0,0,0,0,0,0,0,0,0,0,0,35534,0,0,0,0,0,0,0,0,0,0
"Art of Conquest",0,0,0,0,0,0,35074,0,0,0,0,0,0,0,0,0,0,0,0,0,0,0,0,0
"Evony",0,0,31860,0,0,0,0,0,0,0,0,0,0,0,0,0,0,0,0,0,0,0,0,0
"Battle Warship: Naval Empire",0,0,29779,0,0,0,0,0,0,0,0,0,0,0,0,0,0,0,0,0,0,0,0,0
"Hit it Rich",0,28810,0,0,0,0,0,0,0,0,0,0,0,0,0,0,0,0,0,0,0,0,0,0
"WWE SuperCard",0,0,0,0,0,0,0,0,0,0,27383,0,0,0,0,0,0,0,0,0,0,0,0,0
"Ark of War",0,0,0,0,0,0,0,0,0,0,0,0,0,0,0,0,0,0,0,0,0,0,0,0
"Clash of Kings",0,0,0,0,0,0,0,0,0,0,0,0,0,0,0,0,0,0,0,0,0,0,0,0
"Fate/Grand Order",0,0,0,0,0,0,0,0,0,0,0,0,0,0,0,0,0,0,0,0,0,0,0,0
"FINAL FANTASY BRAVE EXVIUS",0,0,0,0,0,0,0,0,0,0,0,0,0,0,0,0,0,0,0,0,0,0,0,0
"Game of War - Fire Age",0,0,0,0,0,0,0,0,0,0,0,0,0,0,0,0,0,0,0,0,0,0,0,0
"Invasion: Modern Empire",0,0,0,0,0,0,0,0,0,0,0,0,0,0,0,0,0,0,0,0,0,0,0,0
"Junior Three Kingdoms",0,0,0,0,0,0,0,0,0,0,0,0,0,0,0,0,0,0,0,0,0,0,0,0
"Minecraft Pocket Edition",0,0,0,0,0,0,0,0,0,0,0,0,0,0,0,0,0,0,0,0,0,0,0,0
"Mobile Strike",0,0,0,0,0,0,0,0,0,0,0,0,0,0,0,0,0,0,0,0,0,0,0,0
"Shin Sangokushi",0,0,0,0,0,0,0,0,0,0,0,0,0,0,0,0,0,0,0,0,0,0,0,0
