"game_name","2018/01","2018/02","2018/03","2018/04","2018/05","2018/06","2018/07","2018/08","2018/09","2018/10","2018/11","2018/12","2019/01","2019/02","2019/03","2019/04","2019/05","2019/06","2019/07","2019/08","2019/09","2019/10","2019/11","2019/12"
"Total",6324825,5069440,6712862,6057260,5740681,6370004,6268405,6999111,7313206,6589240,5148973,6333448,5307261,5282385,6103691,5073374,5037422,6214426,5162516,6123027,5369306,8084570,4960344,4474002
"Knives Out",1413816,1326530,1541605,1223255,806139,454821,322831,306092,295272,221721,263158,319515,211586,165579,280012,213068,188499,149395,138314,148093,134058,105466,123908,87313
"Disney Tsum Tsum",245346,173830,312998,219501,196317,154319,229881,284246,296503,233553,181751,179266,204464,177797,201798,155246,149652,117403,110193,127084,103486,101902,103359,173236
"Monster Strike",175568,114366,207106,160668,150500,99993,175723,133519,160652,706077,137579,124987,121283,91018,99570,76590,92149,61970,234431,154255,123212,225617,91156,73960
"Pokémon GO",85251,71438,110519,103715,93860,136415,166352,219689,200734,168428,173459,156004,136155,115432,147934,124598,142090,162183,200792,278894,227678,156565,128621,97561
"Identity V",0,0,0,0,0,0,0,729070,511164,342117,182821,141535,134836,114896,138894,123838,120528,118875,149729,172927,135920,109883,92866,93101
"Homescapes",0,0,0,0,40455,0,0,0,87240,81241,52380,63834,117506,316587,372459,387520,313469,206232,269441,347183,271926,188543,141204,108469
"PUBG MOBILE",0,0,0,0,0,557516,324699,229218,217591,160560,135464,169262,160170,168793,200163,159268,153248,125746,114662,120746,105934,78102,59931,62672
"Call of Duty: Mobile",0,0,0,0,0,0,0,0,0,0,0,0,0,0,0,0,0,0,0,0,0,2741860,348167,191329
"Puzzle ; Dragons",104834,96487,173224,123503,109615,107975,107389,161159,150819,146059,472573,246671,142186,121166,163914,113457,108154,95159,76545,69689,64021,54669,65059,65911
"The Battle Cats",74812,77257,167118,116346,104423,86557,81399,94489,98822,95502,187296,357110,160133,113854,125625,111355,120545,103058,134194,116346,63315,73158,115807,202905
"eFootball PES 2020",120309,125897,138115,111967,171211,335947,486014,156967,129188,83970,63184,158312,110414,118103,142046,76465,76648,98870,61917,49234,0,0,59619,65433
"BanG Dream",134763,102622,189683,177524,316794,148016,140394,151747,158227,116692,85427,96482,106891,91803,183332,107706,95934,71628,65506,66692,59162,54994,61654,58962
"DRAGON BALL LEGENDS",0,0,0,0,0,1598660,177999,89650,67518,61415,52535,130528,80930,49125,76011,46798,38181,130823,27075,26199,28794,19155,17675,27453
"Gardenscapes - New Acres",26661,32490,46312,34594,25494,20219,25449,46303,66041,54733,40749,37256,65770,159253,206243,178897,177499,148691,180070,198905,152378,89091,71292,87325
"Matchington Mansion",0,0,0,0,0,0,0,0,0,0,0,0,202829,360120,325565,188338,148540,154352,197393,227213,165520,103451,80580,0
"Mafia City",0,0,0,0,0,0,130854,199235,439717,155079,101870,49711,178795,63064,51270,80769,76415,82825,132407,147872,106507,62897,42863,38593
"Professional Baseball Spirits A",50133,41764,73540,79038,76710,80978,58142,63338,65337,175612,146239,71990,73231,51490,89080,74018,71909,128384,92358,102141,80797,129779,164622,82312
"Brawl Stars",0,0,0,0,0,0,0,0,0,0,0,918042,521595,281033,221461,138098,0,0,0,0,0,0,0,0
"Animal Crossing: Pocket Camp",223925,124102,169461,101709,104727,56977,58669,72376,121061,71756,60413,99543,61114,60823,84703,57136,53871,66521,65658,88448,70995,76815,57479,48610
"Toon Blast",0,0,0,0,0,0,0,0,160442,0,0,0,0,0,0,0,0,0,264499,555333,279909,328540,241894,211497
"Disney Tsum Tsum Land",521919,198637,202942,192124,251181,111979,99591,190617,94735,0,75799,0,0,0,46630,0,0,0,0,0,0,0,51440,0
"YO-KAI WATCH Wibble Wobble",47935,34179,45429,43224,35497,33892,69102,179800,171923,109632,333812,98975,78195,52025,62978,56730,121581,46578,48556,58921,28457,37115,87382,47320
"The Seven Deadly Sins: Hikari to Yami no Grand Cross",0,0,0,0,0,0,0,0,0,0,0,0,0,0,0,0,0,1172591,181631,81363,59080,61740,52351,67330
"Mario Kart Tour",0,0,0,0,0,0,0,0,0,0,0,0,0,0,0,0,0,0,0,0,0,894014,417624,291618
"Black Desert",0,0,0,0,0,0,0,0,0,0,0,0,0,388516,796581,77618,51892,60408,55944,37284,32021,23895,17098,21799
"Girls Chronicle",54322,34738,74251,98517,65072,59368,49501,87250,38748,38032,49679,49175,58208,49347,82292,59026,65716,33996,55465,125220,74612,63661,70621,55745
"Dragon Ball Z Dokkan Battle",85370,149444,128384,67688,58806,33890,47916,36491,115140,44466,27271,67670,96099,139137,62964,32885,48838,28380,27533,33147,64825,20663,17354,18081
"JUMPTI Heroes",0,0,0,569518,131890,40256,23027,0,516194,31783,15557,0,0,0,0,16297,0,15474,11500,0,0,27490,0,0
"Dragon Egg",122911,44217,50331,101454,59008,67144,76529,58245,32274,150828,40666,37486,84702,41660,49491,31050,34649,30819,48619,79324,29965,27928,33280,36743
"Reverse Othellonia",170249,174062,99669,58040,71247,38348,35354,138512,46857,45479,34252,72574,62541,84705,50032,35801,39851,31560,0,42179,28450,0,0,0
"Princess Connect! Re:Dive",0,396614,171760,43645,61271,34581,32538,57013,21919,17318,13550,45828,37735,76841,39566,22612,31264,48641,37339,61173,28205,20337,19112,36157
"Jikkyou Pawafuru Puroyakyu",60863,38430,90077,81628,65076,38524,71738,88883,55116,41050,42072,104758,52451,26587,42475,52750,45243,47523,54034,97407,42481,33327,29044,43527
"Fate/Grand Order",104895,54595,72952,58237,48841,55151,66202,105073,68088,44535,48572,61244,91788,47812,45563,38075,32894,27622,38843,67966,31223,27153,32525,31424
"Clash Royale",63471,58530,92159,69395,61385,51865,56458,52068,63030,55187,48693,52569,42229,43858,55180,59969,70900,66232,70705,55488,61586,43214,0,0
"Dragon Quest Walk",0,0,0,0,0,0,0,0,0,0,0,0,0,0,0,0,0,0,0,0,501763,418719,231626,109153
"Colopl Rune Story",42593,34982,101708,34930,120501,45811,124157,64942,48232,28055,80950,49390,30260,19462,45543,47067,39862,19264,73108,75893,20181,15773,16668,49435
"Dynasty Warriors: Unleashed",0,0,0,0,0,0,0,0,704523,208487,64220,176021,0,0,0,0,0,0,0,0,0,0,0,0
"PokoPoko",57699,45122,86474,56202,48431,36674,41804,55684,50169,51643,38895,38908,45191,52578,39132,41052,36557,34727,34920,43881,112593,43347,28353,20136
"Archero",0,0,0,0,0,0,0,0,0,0,0,0,0,0,0,0,0,643575,360327,0,0,0,0,0
"Yu-Gi-Oh! Duel Links",68998,49287,41734,34254,38654,35985,33151,37447,71963,65824,34804,27710,63806,64124,64241,32157,35474,29520,23849,28841,20429,29412,24076,20043
"King's Raid",0,0,0,70539,68395,73970,56196,45067,49884,41966,157348,38355,35581,28392,47337,33638,29699,24508,94367,25207,13876,16316,9834,9332
"Dragon Quest of the Stars",43070,61563,33066,22087,53145,27991,16581,42042,33106,57758,37227,21215,75318,27763,52273,24906,53688,27083,21850,53365,37952,93484,17619,18936
"White Cat Tennis",53966,40505,72110,50661,114256,90645,78096,116784,87219,41610,43474,66277,48236,0,0,0,0,0,0,47824,0,0,0,0
"GranBlue Fantasy",58758,23391,150049,55281,27882,29883,45200,78461,19733,30159,13740,46680,34098,21614,105975,35703,26260,26365,15433,38351,10616,11622,11193,27831
"Puyopuyo!!Quest",54373,27050,42818,38343,43204,21453,27568,53154,28110,45586,39483,30719,32934,27628,46079,45541,52484,37123,44636,48764,32664,39390,27173,20572
"One Piece Treasure Cruise",24197,22456,35226,18665,77110,31960,25365,32251,44531,26544,31939,41452,42943,36460,26448,21166,94844,33467,27250,90576,49513,25543,15653,17864
"THE KING OF FIGHTERS ALLSTAR",0,0,0,0,0,0,543270,181140,26228,102777,7665,11406,14278,0,0,0,0,0,0,0,0,0,0,0
"#Compass",45153,34221,49567,45106,57273,32898,41446,38019,31217,34744,30600,39665,40236,35567,42121,47073,41953,26093,26064,22067,17528,17770,17793,51370
"Township",0,0,0,0,0,0,0,0,0,0,0,0,0,0,0,0,141210,100614,92279,176531,139955,101804,66986,41905
"Romancing Saga Reuniverse",0,0,0,0,0,0,0,0,0,0,0,445806,55045,112184,52094,13916,19935,39914,12470,15201,13749,9036,10172,57669
"LifeAfter",0,0,0,0,0,0,0,0,0,0,0,0,0,0,0,0,274252,121070,96100,84150,67541,53672,92329,62556
"Girl's Frontline",0,0,0,0,0,0,0,578507,93479,48528,21261,11202,15667,11426,11102,11382,0,0,12116,13615,0,0,0,0
"Shadowverse",39784,24916,46172,59271,34711,47501,47944,26410,30118,35229,22405,28098,42122,26798,34249,29481,27275,56962,53036,27577,20559,17532,14267,16165
"LINE Bubble 2",39168,33480,41421,31454,29273,25769,29179,38816,47322,47472,34285,41022,39124,39190,39122,31488,34057,31582,26076,27942,24292,17584,13698,17627
"Final Fantasy XV: A New Empire",52559,39534,47765,45213,52030,49151,51825,50409,42058,33943,30869,34585,42062,38351,33907,27233,20425,12569,12259,0,14830,13075,6654,0
"Pokémon Masters",0,0,0,0,0,0,0,0,0,0,0,0,0,0,0,0,0,0,0,110368,473894,164742,0,0
"Dragon Quest Monsters Super Light",58877,32114,22278,32168,38722,15269,32280,37650,23775,26384,37242,21186,58586,39052,22231,34174,25554,18119,30943,29017,38840,22497,18790,18285
"ONE PIECE Thousand Storm",28242,34319,45865,43348,83872,39858,28825,37037,47101,22953,21919,27240,27650,22507,17224,22861,24285,19695,23752,47933,25004,13880,12385,12922
"Dragalia Lost",0,0,0,0,0,0,0,0,0,461015,73056,48391,69495,15318,19245,0,15173,0,0,0,0,17252,0,0
"SINoALICE",23146,22792,33560,24464,25498,64533,58937,37400,19588,15563,12458,26872,20701,19001,20221,18980,17393,92090,26283,16522,11590,19676,44440,28579
"THE IDOLM@STER Starlight Stage",46286,24745,38191,29245,42388,23649,26175,25379,85399,24330,20798,23139,37118,20329,25795,23984,25968,16759,20982,15583,32872,20921,14657,14381
"Lords Mobile",0,13361,0,0,34873,0,0,0,0,60127,53546,60376,48093,48964,47425,42533,22916,19916,32147,34163,54829,41451,24039,21426
"Azur Lane",82140,45062,49991,60243,53879,27680,23036,23781,35671,18411,14195,13383,17293,13337,12227,14483,18655,10951,8945,11459,21229,24836,23266,14812
"Castle;Dragon",75509,43402,0,0,29998,0,0,0,0,0,26069,25835,28684,33915,35767,29068,35381,34298,43815,80238,34113,26591,23166,25972
"FANTASY LIFE ONLINE",0,0,0,0,0,0,485259,89685,0,0,0,0,0,0,0,0,0,0,0,0,0,0,0,0
"MapleStory M",0,0,0,0,0,0,0,0,0,0,0,0,0,0,0,431685,99546,17269,13315,0,0,0,0,0
"Love Live! School Idol Festival",36260,30360,46806,55713,36019,26534,32641,30344,27117,20805,17928,21289,26401,18794,25204,18686,14663,14144,16918,16090,17300,0,0,0
"Jikkyou Powerful Soccer",16771,10732,0,23511,27281,33084,18676,14187,12090,14862,147582,37931,29885,17243,15594,17606,17530,14027,0,37334,11145,7531,9714,9179
"Emperor And Beauties",0,0,0,0,0,0,0,0,0,0,0,0,0,71184,47130,33917,36565,42538,41933,69016,49378,42734,57057,50772
"Another Eden",55172,38878,42378,60269,52526,31448,26848,22323,29276,0,0,15622,17653,12636,0,27947,16482,15253,10319,13849,8231,0,0,23270
"Pokopang Town",0,0,0,0,376357,53813,26993,41056,20081,0,0,0,0,0,0,0,0,0,0,0,0,0,0,0
"The Continent of Wind",0,0,0,0,0,0,0,0,0,0,0,0,0,0,0,0,213125,72755,50863,42728,34860,35592,25841,37486
"Arc The Lad R",0,0,0,0,0,0,0,387492,100210,15455,9905,0,0,0,0,0,0,0,0,0,0,0,0,0
"LINE POP2",24720,25689,36202,22445,18868,12446,17427,22830,25240,33798,22820,21035,25282,14447,33409,14365,18269,14856,12902,12321,20154,13333,14491,16601
"TALION",0,0,0,0,0,0,0,0,0,453571,22534,9500,0,0,0,0,0,0,0,0,0,0,0,0
"Ragnarok M : Eternal Love",0,0,0,0,0,0,0,0,0,0,0,0,0,0,0,0,0,205515,41271,59614,64379,90691,11451,10349
"Hidden City: Mystery of Shadows",131248,49472,48586,80004,49427,51965,0,0,0,71766,0,0,0,0,0,0,0,0,0,0,0,0,0,0
"GUNDAM BATTLE: GUNPLA WARFARE",0,0,0,0,0,0,0,0,0,0,0,0,0,0,0,0,0,0,0,392414,54157,21315,7801,0
"Be The King",0,0,0,0,0,0,0,92378,37343,35198,20790,24368,99031,47106,42096,17781,18927,0,0,0,19281,0,0,0
"Brown Dust",0,0,190008,43927,36250,49195,34385,0,26216,0,18705,0,13644,0,15705,0,0,0,10668,0,0,0,12214,0
"Magia Record",47898,17228,16833,14670,11889,14615,14694,64429,52228,24999,12508,10975,21710,11067,19640,14401,10162,11386,9855,16868,17872,0,0,5717
"FINAL FANTASY BRAVE EXVIUS",37042,23678,18121,15385,40533,6086,9303,41440,10083,19544,12097,13320,25902,6156,16175,12214,10255,7571,8515,18442,9868,14972,11621,9785
"Dx2 Shin Megami Tensei Liberation",161376,51890,34944,43280,0,17096,0,0,9034,0,0,0,49459,0,7309,0,0,0,0,0,0,0,0,0
"Fire Emblem Heroes",25868,29079,17642,14089,12710,15365,13146,12846,11503,14176,15081,28065,24233,15332,13524,12993,17344,9383,11497,12094,10623,10083,8127,9019
"Alliance X Empire",0,0,0,0,0,0,0,0,0,0,272405,57710,18389,0,0,0,0,0,0,0,0,0,0,0
"Shin Sangokushi",0,0,0,0,0,0,0,0,135874,48392,47391,37363,23739,7374,0,6657,6740,0,0,33701,0,0,0,0
"Langrisser",0,0,0,0,0,0,0,0,0,0,0,0,0,0,0,227996,54023,32500,9932,11057,0,0,0,0
"Honkai Impact 3",0,20466,22268,20958,0,14341,0,0,62518,34381,0,24894,40114,0,11186,12893,11179,0,16456,12878,0,11284,10870,0
"Revue Starlight Re LIVE",0,0,0,0,0,0,0,0,0,188107,97957,21701,18882,0,0,0,0,0,0,0,0,0,0,0
"Final Fantasy Brave Exvius War Of The Visions",0,0,0,0,0,0,0,0,0,0,0,0,0,0,0,0,0,0,0,0,0,0,230118,91985
"DUEL MASTERS PLAY'S",0,0,0,0,0,0,0,0,0,0,0,0,0,0,0,0,0,0,0,0,0,0,0,319373
"For Whom the Alchemist Exists",10445,13750,8719,8117,9568,13792,12591,29435,23651,9172,0,0,24975,24482,9647,9748,10848,26675,18763,11867,9015,18583,11083,0
"Clash of Clans",0,0,38348,26670,24931,33260,23996,21447,23946,23279,19630,0,0,0,0,34449,0,24999,0,0,0,0,0,18627
"Ensemble Stars",12250,17515,17915,14992,19186,20558,12950,13143,11432,11385,11062,13374,11687,12158,14559,14729,12240,13410,0,16678,10031,8269,9570,7722
"Sword Art Online Memory Defrag",19168,14132,19708,21370,19687,17391,26521,0,25430,30611,26983,0,17223,17259,20118,18058,0,9137,0,0,0,0,0,0
"Megiddo 72",0,0,0,0,0,0,0,0,0,0,0,98886,38655,17148,13417,18094,0,0,12756,8948,15689,11694,20621,46837
"GOD EATER RESONANT OPS",0,0,0,300240,0,0,0,0,0,0,0,0,0,0,0,0,0,0,0,0,0,0,0,0
"Sakatsuku Road to theWorld",0,0,0,0,32230,32258,38980,14694,11692,0,0,68771,14934,0,12436,15773,18479,11941,0,10780,7677,6238,0,0
"lovelive! School Idol Festival ALL STARS",0,0,0,0,0,0,0,0,0,0,0,0,0,0,0,0,0,0,0,0,104100,137112,26828,27161
"A Certain Magical Index A Certain Magical Index",0,0,0,0,0,0,0,0,0,0,0,0,0,0,0,0,0,0,256533,23685,12322,0,0,0
"A3!",22598,24039,26412,17915,13467,11534,11456,19916,10940,10674,9156,9261,10954,16671,13745,11816,9556,7974,6625,7313,6957,6474,0,6096
"OverHit",0,0,0,0,0,243807,45613,0,0,0,0,0,0,0,0,0,0,0,0,0,0,0,0,0
"Total Warfare – Epic Kingdoms",0,0,0,0,44671,28719,20786,15705,69556,12679,6433,0,52112,7635,6708,23999,0,0,0,0,0,0,0,0
"FINAL FANTASY EXPLORERS FORCE",0,0,288315,0,0,0,0,0,0,0,0,0,0,0,0,0,0,0,0,0,0,0,0,0
"THE IDOLM@STER Million Live! Theater Days",18375,11573,15563,12842,14378,24660,30175,11304,14686,10696,7372,10694,11413,7240,11412,10094,7148,12180,27554,0,7033,0,0,0
"The World of Mystic Wiz",11930,9662,22574,11607,15313,21091,22118,13429,12230,11831,8669,17290,9571,7402,32740,9728,8119,6450,7300,7665,8705,0,0,0
"IDOLiSH 7",24979,0,26171,20277,15988,11900,18715,15526,11491,11163,9432,8667,10934,13516,14073,0,9436,8011,15846,11177,7504,0,6395,0
"Mingol",90960,0,68339,87747,0,0,24119,0,0,0,0,0,0,0,0,0,0,0,0,0,0,0,0,0
"NOGIKOI",24109,13627,18899,17592,44582,9219,12968,14580,10737,8860,7929,9783,14462,10128,0,11434,9564,5764,7935,8371,8592,0,0,0
"The successor of Beidou boxing comes again",0,0,0,0,0,0,0,0,0,0,0,0,0,0,0,0,0,0,0,0,160339,25188,40716,39253
"Lineage 2 Revolution",44485,13420,15987,14478,14144,10133,7596,13451,15410,19960,9519,0,12384,9000,11610,9467,9446,7568,6483,17146,0,0,0,0
"Sdorica -sunset",0,0,0,0,259984,0,0,0,0,0,0,0,0,0,0,0,0,0,0,0,0,0,0,0
"Atelier Online",0,0,0,0,0,0,0,0,0,258238,0,0,0,0,0,0,0,0,0,0,0,0,0,0
"Epic Seven",0,0,0,0,0,0,0,0,0,0,0,0,0,0,0,0,0,0,0,0,0,0,220011,34872
"Yu Yu Hakusho",0,0,0,0,0,0,0,0,253544,0,0,0,0,0,0,0,0,0,0,0,0,0,0,0
"Logres of Swords and Sorcery: Goddess of Ancient",15472,11329,17361,12979,11188,10288,13890,13835,13651,20510,13228,18717,11519,8749,12613,9110,7781,0,0,0,9188,0,11022,10033
"Last Idea",0,0,0,0,0,0,0,0,0,0,0,0,0,0,0,0,245630,0,0,0,0,0,0,0
"DISSIDIA FINAL FANTASY OO",15027,17643,9947,11031,7601,11583,7212,9056,9069,8129,17927,20538,8848,12840,7484,6586,6970,0,17233,10137,7830,7342,8353,6011
"Chivalrous and arrogant",0,0,0,0,0,0,0,0,0,0,0,0,0,59303,37684,45246,56150,36027,0,0,0,0,0,0
"Project Babel",0,0,0,0,0,0,0,0,0,0,0,0,0,0,0,0,0,228776,0,0,0,0,0,0
"Summoners War",10637,12321,16335,12629,10215,9238,10255,13856,12825,12498,9242,13234,9611,0,0,7390,0,24232,11350,8181,6216,0,7495,8847
"Sword Art Online Alicization Brading",0,0,0,0,0,0,0,0,0,0,0,0,0,0,0,0,0,0,0,0,0,0,154577,67853
"Hisaka 46 Unis on air",0,0,0,0,0,0,0,0,0,0,0,0,0,0,0,0,0,0,0,0,0,110068,37260,65617
"MASS FOR THE DEAD",0,0,0,0,0,0,0,0,0,0,0,0,0,182856,29325,0,0,0,0,0,0,0,0,0
"Grimmes Echoes",0,0,0,0,0,0,0,0,0,0,0,0,0,0,0,211981,0,0,0,0,0,0,0,0
"BLEACH Brave Souls",24254,0,0,19305,0,0,69036,51387,0,0,0,0,0,0,0,0,0,0,28305,18649,0,0,0,0
"Touken Ranbu",21693,0,0,18360,0,0,17829,0,0,0,16823,17053,41597,28522,0,14086,0,10302,0,11782,0,0,0,10244
"XD unlimited",7107,5658,7326,6677,7275,12980,13072,10290,9672,8896,6283,7102,8488,7852,8967,9299,11153,12605,16906,8853,9659,11122,0,0
"All Within The Boundaries",18641,21172,25366,8436,7047,6225,12405,13760,14022,9800,8194,7656,7642,7317,7140,0,0,0,8643,8014,8331,0,0,5729
"Kingdom Seven Flags",0,42472,0,13171,0,0,0,0,0,20709,0,11914,0,23065,0,28286,0,25016,0,0,0,25130,0,11200
"Last Cloudia",0,0,0,0,0,0,0,0,0,0,0,0,0,0,0,0,79391,35404,25717,59642,0,0,0,0
"Phantom Of the Kill",10460,11681,7925,8236,17573,5609,10985,7222,0,6701,33183,8893,7566,0,0,0,15492,9625,6691,0,0,7516,24132,0
"Fishing station",17079,17925,15241,16892,14884,7278,11579,15279,19848,16108,0,0,15784,13274,0,0,17447,0,0,0,0,0,0,0
"Digimon ReArise",0,0,0,0,0,0,194203,0,0,0,0,0,0,0,0,0,0,0,0,0,0,0,0,0
"SUPER GUNDAM ROYALE",42061,15416,17827,13813,10410,8359,6567,0,0,8774,8497,6615,13339,7355,8036,13341,13445,0,0,0,0,0,0,0
"Tales of The Rays",0,0,38304,7879,11476,8356,5769,24061,6102,0,0,14297,6996,25717,35707,0,6144,0,0,0,0,0,0,0
"Mobile team",0,0,0,0,0,0,148793,40763,0,0,0,0,0,0,0,0,0,0,0,0,0,0,0,0
"PES CARD COLLECTION",0,0,0,0,0,40849,39796,12563,8137,9190,12919,11180,7322,0,7119,0,0,7148,8091,7555,0,11604,5543,0
"WORLD FLIPPER",0,0,0,0,0,0,0,0,0,0,0,0,0,0,0,0,0,0,0,0,0,0,0,185358
"Valkyrie Connect",12251,24803,13537,12736,16253,16008,9133,17148,21273,7923,10210,0,14705,7681,0,0,0,0,0,0,0,0,0,0
"Sengoku Enbu KIZNA",0,0,0,0,0,9126,13730,12609,18361,33154,23349,16572,11706,7475,14795,10132,0,0,0,9228,0,0,0,0
"Captain Tsubasa: Dream Team",11216,5500,7558,0,0,52268,20998,12334,0,10715,9029,13124,11177,9109,7353,0,0,7946,0,0,0,0,0,0
"Fall in love with NEWS",0,0,0,121483,22435,10243,0,0,0,0,0,0,0,0,8523,0,0,0,0,0,0,0,0,0
"Abyss Horizon",0,0,0,0,0,0,141120,0,0,0,0,0,0,0,0,0,0,0,0,0,0,0,0,0
"My country (Warring States period)",0,0,0,0,0,0,0,0,0,0,0,0,0,0,0,0,0,0,0,97707,15456,10516,8164,6274
"ONE PIECE Bounty Rush",0,0,0,0,0,0,0,0,0,0,0,0,0,0,0,0,0,0,0,85163,50653,0,0,0
"The Story of KEYAKIZAKA46",33867,23438,31651,16269,15210,0,11141,0,0,0,0,0,0,0,0,0,0,0,0,0,0,0,0,0
"Grand Summoners",0,0,0,0,0,0,0,0,0,0,0,0,70604,54866,0,0,0,0,0,0,0,0,0,0
"Terrier saga",0,0,0,0,0,124249,0,0,0,0,0,0,0,0,0,0,0,0,0,0,0,0,0,0
"The Magnificent Kotobuki",0,0,0,0,0,0,0,0,0,0,0,0,0,81423,42543,0,0,0,0,0,0,0,0,0
"Mirage Memorial",0,0,0,0,0,0,0,0,0,0,0,0,0,0,123003,0,0,0,0,0,0,0,0,0
"CARAVAN STORIES",122253,0,0,0,0,0,0,0,0,0,0,0,0,0,0,0,0,0,0,0,0,0,0,0
"Rulong Online",0,0,0,0,0,0,0,0,0,0,0,119547,0,0,0,0,0,0,0,0,0,0,0,0
"Utawarerumono Lost Flag",0,0,0,0,0,0,0,0,0,0,0,0,0,0,0,0,0,0,0,0,0,0,93152,23639
"Blade Exroad",0,0,0,0,0,0,0,0,0,0,0,0,0,0,0,0,0,0,0,0,0,0,80042,35133
"DanMachi Memoria",8542,0,0,10299,0,10870,0,0,0,0,0,0,0,0,0,13174,0,10654,28123,24286,0,8328,0,0
"Alice Gear Aegis",0,0,52525,0,0,0,14132,0,6754,0,5507,6999,9462,9583,0,0,0,7649,0,0,0,0,0,0
"Idola Phantasy Star Saga",0,0,0,0,0,0,0,0,0,0,0,112212,0,0,0,0,0,0,0,0,0,0,0,0
"THE IDOLM@STER Shinycolors",0,0,0,0,0,0,0,0,0,0,0,0,0,0,0,74126,20263,0,0,0,0,10471,0,7162
"Crane Game Toreba!",0,0,0,0,0,0,0,0,0,0,0,0,0,0,0,0,0,0,0,0,42019,22339,17367,30257
"STAR OCEAN",12869,10998,33886,10109,9055,7338,0,18632,0,6002,0,0,0,0,0,0,0,0,0,0,0,0,0,0
"Drift Spirits",22672,11979,0,0,12256,11300,0,0,0,13967,16430,0,12479,7654,0,0,0,0,0,0,0,0,0,0
"Dragon Quest Rivals",0,0,0,0,0,0,0,32856,0,0,56963,0,0,0,0,0,18366,0,0,0,0,0,0,0
"Naruto Shinobi Collection",0,0,0,0,36945,0,0,70462,0,0,0,0,0,0,0,0,0,0,0,0,0,0,0,0
"Magatsu Wahrheit",0,0,0,0,0,0,0,0,0,0,0,0,0,0,0,0,83874,20840,0,0,0,0,0,0
"School Girl Strikers",14914,5495,8035,10621,64301,0,0,0,0,0,0,0,0,0,0,0,0,0,0,0,0,0,0,0
"FINAL FANTASY Record Keeper",34574,16489,12667,7619,12327,5254,0,0,0,0,0,0,6938,7153,0,0,0,0,0,0,0,0,0,0
"Uta MACROSS SmartPhone De CULTURE",94262,0,0,0,0,0,0,7322,0,0,0,0,0,0,0,0,0,0,0,0,0,0,0,0
"Miracle Nikki",0,43954,27220,19474,0,0,0,0,0,0,0,0,0,0,0,0,0,0,0,0,0,0,0,0
"Blade ; Soul: Revolution",0,0,0,0,0,0,0,0,0,0,0,0,0,0,0,0,0,0,0,0,0,0,59885,27355
"Candy Crush Soda Saga",0,19403,25296,20435,18899,0,0,0,0,0,0,0,0,0,0,0,0,0,0,0,0,0,0,0
"Unison League",10146,9253,12290,20711,15639,15564,0,0,0,0,0,0,0,0,0,0,0,0,0,0,0,0,0,0
"Utano Prince Sama Shining Live",12595,11766,0,0,11626,7974,0,10054,10746,0,0,0,0,0,0,7603,6178,0,0,0,0,0,0,0
"Cryptract",19482,13072,17500,0,0,6686,0,0,0,0,0,0,0,0,11760,0,0,9870,0,0,0,0,0,0
"The devil's world",0,0,0,0,0,0,0,0,0,0,0,0,0,0,0,0,0,0,0,0,0,0,0,74748
"Super Robot Wars DD",0,0,0,0,0,0,0,0,0,0,0,0,0,0,0,0,0,0,0,0,60665,11162,0,0
"Super Robot Wars X-Ω",0,0,14452,0,0,0,0,0,0,13363,0,5766,0,0,9657,0,0,12075,0,0,0,9863,0,0
"Wild hope of overlord",0,0,0,0,0,0,0,0,0,0,0,0,0,0,0,0,0,0,0,0,0,0,39010,24689
"Rising beat, the new tennis prince",0,54222,0,0,0,8147,0,0,0,0,0,0,0,0,0,0,0,0,0,0,0,0,0,0
"Nogizaka46 Rhythm Festival",0,0,0,0,0,0,0,0,0,0,0,0,0,22699,0,0,19023,0,0,0,20542,0,0,0
"Destiny Child",20177,14651,10881,8262,0,0,0,0,0,0,0,0,0,0,0,0,0,0,0,0,0,0,0,0
"Alternative Girls",7423,19765,0,0,0,0,25637,0,0,0,0,0,0,0,0,0,0,0,0,0,0,0,0,0
"Becoming famous in China and the Warring States Period",0,0,0,0,0,0,0,0,0,0,0,0,0,0,0,0,0,0,0,0,0,31469,19389,0
"Kingdom Ran -The Road to Unification of the World-",0,0,37673,11267,0,0,0,0,0,0,0,0,0,0,0,0,0,0,0,0,0,0,0,0
"Toji no Miko: Kizamishi Issen no Tomoshibi",0,0,0,38911,0,0,0,0,0,0,0,0,0,0,8663,0,0,0,0,0,0,0,0,0
"Makai Wars",0,0,47233,0,0,0,0,0,0,0,0,0,0,0,0,0,0,0,0,0,0,0,0,0
"Empire of Warships",0,0,0,6984,0,0,0,0,5927,7266,7420,7344,9493,0,0,0,0,0,0,0,0,0,0,0
"Hortensia Saga",10109,0,18915,0,0,0,14973,0,0,0,0,0,0,0,0,0,0,0,0,0,0,0,0,0
"That Time I Got Reincarnated as a Slime",0,0,0,0,0,0,0,0,0,0,0,43065,0,0,0,0,0,0,0,0,0,0,0,0
"King of Avalon: Dragon Warfare",13445,7477,8255,6176,0,0,0,0,0,0,0,0,0,0,0,0,7010,0,0,0,0,0,0,0
"Kotodaman",0,0,0,0,0,0,0,0,0,0,0,0,0,0,0,42151,0,0,0,0,0,0,0,0
"Dream kingdom and 100 princes in deep sleep",9290,12020,8749,0,0,0,0,0,0,0,0,0,0,0,0,10807,0,0,0,0,0,0,0,0
"Kirara Fantasia",0,0,0,0,0,0,0,8587,0,0,25344,5861,0,0,0,0,0,0,0,0,0,0,0,0
"My Country",9875,10052,8417,7569,0,0,0,0,0,0,0,0,0,0,0,0,0,0,0,0,0,0,0,0
"MITRASPHERE",0,0,0,0,0,0,0,35737,0,0,0,0,0,0,0,0,0,0,0,0,0,0,0,0
"Lineage M",0,0,0,0,0,0,0,0,0,0,0,0,0,0,0,0,0,35256,0,0,0,0,0,0
"Kemono Friends 3",0,0,0,0,0,0,0,0,0,0,0,0,0,0,0,0,0,0,0,0,0,32824,0,0
"Pocolon Dungeons",0,0,0,31608,0,0,0,0,0,0,0,0,0,0,0,0,0,0,0,0,0,0,0,0
"Last Shelter: Survival",0,0,0,0,0,0,0,0,0,0,0,0,0,0,0,0,0,0,0,0,0,30798,0,0
"Age of Three Kingdoms",0,0,0,0,0,20300,9510,0,0,0,0,0,0,0,0,0,0,0,0,0,0,0,0,0
"Everything in its right place",0,0,0,0,0,0,0,28228,0,0,0,0,0,0,0,0,0,0,0,0,0,0,0,0
"Black Knight and white Lord",13716,14380,0,0,0,0,0,0,0,0,0,0,0,0,0,0,0,0,0,0,0,0,0,0
"Chain Chronicle",8951,9577,7733,0,0,0,0,0,0,0,0,0,0,0,0,0,0,0,0,0,0,0,0,0
"Call Me Emperor",0,0,0,0,0,0,0,0,0,0,0,0,0,0,0,0,0,0,0,0,0,25976,0,0
"Eki Memo Station Memories",0,0,0,0,0,15531,0,0,0,0,9918,0,0,0,0,0,0,0,0,0,0,0,0,0
"Cinderella Nine in August",0,0,0,0,0,0,0,0,0,0,0,0,0,0,0,0,0,0,25005,0,0,0,0,0
"Summons Board",0,0,0,0,0,0,0,0,0,0,0,0,0,9530,15364,0,0,0,0,0,0,0,0,0
"Stand My Heroes",0,0,0,0,0,0,0,0,11997,0,0,0,0,0,0,0,0,0,0,0,11597,0,0,0
"Ikémen Sengoku: Romances Across Time",0,0,0,0,0,0,0,0,0,0,0,0,0,0,0,0,0,21492,0,0,0,0,0,0
"KINGDOM HEARTS Unchained χ",0,0,0,0,0,0,0,0,21486,0,0,0,0,0,0,0,0,0,0,0,0,0,0,0
"Tianhua hundred Swords: Chop",0,0,0,0,11999,0,0,0,0,0,0,0,0,0,9452,0,0,0,0,0,0,0,0,0
"Kingdom Craft",0,0,0,0,0,0,0,0,0,0,0,0,0,0,0,0,0,0,13853,0,7009,0,0,0
"Derby Stallion Masters",10603,0,0,0,0,0,0,0,0,0,9350,0,0,0,0,0,0,0,0,0,0,0,0,0
"Crystal of Re:union",0,0,0,12457,7176,0,0,0,0,0,0,0,0,0,0,0,0,0,0,0,0,0,0,0
"The King of Fighters' 98 Ultimate Match",0,0,0,0,0,0,7872,0,0,0,0,0,0,0,0,9662,0,0,0,0,0,0,0,0
"The Idolmaster: SideM Live on St@ge!",0,8748,7647,0,0,0,0,0,0,0,0,0,0,0,0,0,0,0,0,0,0,0,0,0
"Saint Seiya Cosmo Fantasy",9539,0,0,0,6201,0,0,0,0,0,0,0,0,0,0,0,0,0,0,0,0,0,0,0
"Boku ; Dragons",0,6137,8742,0,0,0,0,0,0,0,0,0,0,0,0,0,0,0,0,0,0,0,0,0
"Last Period",0,0,0,0,13087,0,0,0,0,0,0,0,0,0,0,0,0,0,0,0,0,0,0,0
"Merck Storia",0,12036,0,0,0,0,0,0,0,0,0,0,0,0,0,0,0,0,0,0,0,0,0,0
"Gang Road Joker",0,10887,0,0,0,0,0,0,0,0,0,0,0,0,0,0,0,0,0,0,0,0,0,0
"Seven Knights",8543,0,0,0,0,0,0,0,0,0,0,0,0,0,0,0,0,0,0,0,0,0,0,0
"Soen No Kantai",0,0,0,0,0,0,0,0,0,0,0,0,0,0,7476,0,0,0,0,0,0,0,0,0
"Kinnikuman Muscle shot",7472,0,0,0,0,0,0,0,0,0,0,0,0,0,0,0,0,0,0,0,0,0,0,0
"SHINOBI MASTER -SENRAN KAGURA NEW LINK",0,0,0,0,0,0,0,0,0,0,0,0,0,0,0,0,0,0,0,0,0,0,0,6392
"Gundam Wars",6083,0,0,0,0,0,0,0,0,0,0,0,0,0,0,0,0,0,0,0,0,0,0,0
"PES Collection",0,0,0,0,0,0,6026,0,0,0,0,0,0,0,0,0,0,0,0,0,0,0,0,0
"Clash of Kings",0,0,0,0,0,0,0,0,0,0,0,0,0,0,0,0,0,0,0,0,0,0,0,0
"Dragon Quest Monsters Terry's Wonderland SP",0,0,0,0,0,0,0,0,0,0,0,0,0,0,0,0,0,0,0,0,0,0,0,0
"Kai-ri-Sei Million Arthur",0,0,0,0,0,0,0,0,0,0,0,0,0,0,0,0,0,0,0,0,0,0,0,0
"Tales of Asteria",0,0,0,0,0,0,0,0,0,0,0,0,0,0,0,0,0,0,0,0,0,0,0,0
"The tiger of cycling",0,0,0,0,0,0,0,0,0,0,0,0,0,0,0,0,0,0,0,0,0,0,0,0
