"game_name","2018/01","2018/02","2018/03","2018/04","2018/05","2018/06","2018/07","2018/08","2018/09","2018/10","2018/11","2018/12","2019/01","2019/02","2019/03","2019/04","2019/05","2019/06","2019/07","2019/08","2019/09","2019/10","2019/11","2019/12"
"Total",1287422,2553611,1717289,2116007,1777261,1885091,2384267,2499358,2275961,1910920,1770012,2135449,2213715,2774903,2290669,2072765,2002543,2271723,1862723,1853232,1619500,2046809,1659294,1435710
"QQ Speed",0,0,0,0,0,0,0,0,0,0,0,0,278509,661569,408002,173871,137618,86491,72419,53722,40356,33629,29821,30551
"Honour of Kings",81061,91148,74016,72476,72817,64860,83369,80540,93281,71892,82387,72383,77212,69730,59646,47014,59998,59334,68132,59796,48022,53842,49618,50587
"Identity V",0,0,0,0,0,0,365133,262084,217656,88170,70717,53788,47421,39548,43439,16801,17186,20150,24265,27064,18221,17822,17736,16406
"Knives Out",0,286295,222618,154608,71074,55059,62755,54434,51562,39166,45462,40326,42125,34639,21110,20871,20789,0,0,18816,0,0,0,0
"Star 371-16 Mahjong",33841,94454,52014,42489,26110,24058,24902,48078,41639,43222,39022,41671,55174,155442,66595,32785,30860,31623,27332,35380,35666,37786,32582,29797
"Candy Crush Saga",32901,39044,51311,49892,45171,43304,45962,58321,45876,44505,43832,46552,52212,47462,41448,32113,31042,28237,26390,27632,25859,24453,27285,25980
"PUBG MOBILE",0,0,0,0,0,0,0,0,0,0,0,0,0,0,0,0,214003,175639,151389,105438,72923,51601,45197,52629
"Archero",0,0,0,0,0,0,0,0,0,0,0,0,0,0,0,0,182093,292207,107333,63802,48892,45518,47346,38004
"Travel Frog",0,791607,0,0,0,0,0,0,0,0,0,0,0,0,0,0,0,0,0,0,0,0,0,0
"Pokémon GO",27924,30738,23892,21966,19852,26192,31995,29799,32111,40118,65288,52351,35840,36554,26179,22549,23983,24547,31971,38403,31895,34545,31872,24797
"Brawl Stars",0,0,0,0,0,0,0,0,0,0,0,299904,175757,88332,31709,19030,20507,0,18619,19460,19251,0,0,22542
"Gamesofa Mahjong",26127,86804,39302,26171,19956,26857,19768,17355,18362,20521,20404,19759,44366,84217,25819,16415,15621,15196,17350,29366,30967,28441,25276,32893
"Be The King",33276,24500,20624,21059,9828,12144,19484,26033,53696,77892,53054,43843,46823,23760,18842,21485,23841,31669,21985,21250,15856,14458,13197,13670
"Tower of Saviors",38776,40457,36152,30139,30750,32541,22017,19279,20382,22832,23691,23264,34350,33388,21280,16083,20981,18807,23583,17804,24698,19786,20591,22406
"Call Me Emperor",0,0,0,0,63452,85526,64743,80208,68721,30884,35871,24211,21411,27703,14077,13745,12408,11256,10377,9287,6990,0,3861,3436
"LifeAfter",0,0,0,0,0,0,0,0,0,0,0,0,156753,142447,80000,33127,38408,28298,21391,17376,9623,10069,14914,11732
"MapleStory M",0,0,0,0,0,0,142307,191349,38844,14284,14218,16186,11345,8595,12303,10658,10508,11677,14819,11260,10125,10530,10371,12701
"Free Fire",0,0,0,0,0,48232,75888,45733,42505,36744,38720,0,1296,33409,23887,21347,25557,25999,26252,30477,22149,17780,13290,0
"Homescapes",17878,23966,26346,19425,16419,16543,14471,0,0,0,0,0,0,0,36965,45642,37455,33856,52891,52495,36285,39148,28934,25781
"LINE CHEF",0,0,0,0,0,0,0,0,0,0,0,0,0,0,0,0,0,148636,67074,136721,70000,39219,24939,23352
"Black Desert",0,0,0,0,0,0,0,161258,180609,30287,15059,25354,14188,13507,12135,8651,6763,7129,5027,5921,6227,3493,4418,5651
"Onmyoji Arena",0,0,0,0,274749,94410,40405,33537,20396,18042,0,0,13544,0,0,0,0,0,7811,0,0,0,0,0
"LINE Bubble 2",22313,21039,19673,12809,12251,13333,12425,12551,39180,15165,23172,26459,21345,34611,25015,12163,11971,17698,16570,17649,24463,21576,15298,35806
"Love and Producer",0,0,0,0,0,0,0,0,0,0,0,99707,76213,67640,93352,12960,8184,7811,33945,16482,10673,10593,6560,10705
"Call of Duty: Mobile",0,0,0,0,0,0,0,0,0,0,0,0,0,0,0,0,0,0,0,0,0,319943,76501,51749
"The Continent of Wind",0,0,0,0,0,0,0,0,0,0,0,202179,43675,26020,18828,21077,15048,15166,16218,17914,10218,8849,9654,12192
"BnB",0,0,0,0,0,0,0,0,0,0,0,0,0,0,203653,210438,0,0,0,0,0,0,0,0
"One Lords and Seven Wives",0,28090,33886,16794,13027,22714,18403,21813,21858,15072,16909,20228,32087,22764,15571,12102,12170,16994,17212,12335,8156,0,0,10767
"Cookie Run: OvenBreak",23534,0,15344,0,27746,19399,26384,0,13483,24486,45067,44713,22738,26183,0,0,0,18977,15987,0,13655,0,0,0
"Clash Royale",20799,17079,14685,15358,15618,12747,12093,11012,14966,13741,14729,20719,12162,10667,9232,10008,11533,12230,14101,12491,12523,14950,13980,15723
"The Battle Cats",22998,16876,0,18210,15078,21447,16484,13207,11771,11424,0,0,16236,16065,19754,13455,14384,14264,16673,17234,13613,15943,11729,15855
"Mafia City",5320,26755,20615,16181,12422,13373,15148,22468,19461,22806,20853,0,0,0,5760,11901,14186,16806,12821,14125,13790,9278,7820,7384
"Gardenscapes - New Acres",11615,12629,21359,15790,8993,6680,7480,6402,7927,9268,6433,7163,0,0,18082,13289,19520,17146,19778,19743,24089,23541,14295,13687
"Langrisser",0,0,0,0,0,0,0,0,0,181565,32118,19895,11141,9476,6964,2698,2020,3077,4003,2810,10521,2681,1730,1476
"Ragnarok M : Eternal Love",44469,32971,19377,15021,11259,9815,9296,6660,5548,8191,5301,6668,5293,5669,5045,4900,3924,4737,5683,7972,7191,13020,39118,8384
"Legend of Xuanyuan",0,0,0,0,0,211881,62191,4115,1669,1148,0,0,1224,0,0,0,0,0,0,0,0,0,0,0
"Shining Nikki",0,0,0,0,0,0,0,0,0,0,0,0,0,0,0,195433,21111,37147,11349,6157,4155,0,3411,2934
"Ghost language",0,0,0,0,0,0,0,0,0,0,72905,75091,29961,27785,46244,9770,3740,3890,3288,3610,2647,0,0,0
"Perfect World",0,0,0,0,0,0,0,0,0,0,0,0,0,0,0,0,0,70043,118587,33671,26982,10113,11287,6855
"Bonus Winner Mahjong",5594,42180,27386,9695,15554,15281,11141,8662,2497,4157,2795,2880,5503,28368,8237,4677,14390,15106,7277,7801,11478,6637,7599,10122
"The King of Fighters: Destiny",0,0,0,0,0,0,0,0,0,177545,83359,9600,3842,0,0,0,0,0,0,0,0,0,0,0
"AFK Arena",0,0,0,0,0,0,0,0,0,0,0,0,0,0,0,0,0,0,0,146209,51994,19897,13958,42264
"Rise of Kingdoms",0,0,0,0,0,0,0,0,0,0,0,0,0,0,0,113854,64169,21183,18032,19525,10495,5442,13211,7506
"Lineage M",53762,29691,17378,12234,8489,10321,8835,6378,5805,5955,10325,10455,8869,10292,7743,6120,6101,11976,10347,8309,6564,5665,5356,5733
"Sdorica -sunset",0,0,0,146703,74714,25916,16911,0,0,0,0,0,0,0,0,0,0,0,0,0,0,0,0,0
"Eternal Flame of Love",0,0,0,0,0,0,0,0,0,0,0,0,0,65250,52699,50194,38965,22402,12115,9762,4596,3633,1714,0
"Idle Heroes",6539,5928,11141,7697,7106,7802,7049,9663,10562,10984,12892,14919,18450,15178,14165,8917,8306,21555,21294,12916,7393,6519,5224,4094
"Flowers In Forbidden City",0,0,0,0,0,0,0,0,0,0,0,0,0,138207,12773,37733,1654,24453,19319,0,21425,0,0,0
"Brown Farm",12684,11979,9855,20445,21489,12083,12125,23289,10969,12141,14404,12685,0,0,0,0,0,0,0,0,0,65512,0,12396
"A Dream of Jianghu",0,0,0,0,0,0,168594,32609,13438,8476,6896,5727,5622,7347,0,0,0,0,0,0,0,0,0,0
"Lords Mobile",12263,15684,9579,18665,24093,14312,13374,7004,7947,8518,15270,6577,7353,5877,7767,5989,4262,7147,15488,10058,9596,7557,7169,6347
"Contra: Return",0,0,0,0,0,0,0,142717,24365,17115,11282,7564,6452,4883,4118,3353,2814,2731,2918,3684,4439,2527,1337,0
"Final Blade",0,0,0,0,0,73825,50857,47508,65127,0,0,0,0,0,0,0,0,0,0,0,0,0,0,0
"Tower Defense Three Kingdoms",35155,19502,24606,6712,10264,9193,15930,22096,12189,0,2310,8961,0,0,0,5454,25282,7152,5032,11330,5815,3773,0,2834
"Last Shelter: Survival",0,0,0,0,0,0,9397,6086,9710,14531,10481,7320,19140,23138,6902,12211,12980,14730,18720,22891,16330,14513,9041,4930
"Let's Vegas Slots",4503,32707,12860,9641,3314,3083,4903,4991,6395,4977,5356,18890,36708,39644,5895,3275,2276,1995,2582,2913,5975,7246,2613,2504
"Dragon Nest",0,130182,59590,18620,6627,3299,3854,2251,0,0,0,0,0,0,0,0,0,0,0,0,0,0,0,0
"Princess Connect! Re:Dive",0,0,0,0,0,0,0,65581,22253,10103,10163,17791,8173,14053,10501,8273,7155,5373,9446,8433,6027,6371,6343,7971
"Honkai Impact 3",25028,26325,9763,8399,11314,5908,6262,5519,10541,8256,6595,5387,6622,6526,8467,6729,8444,6410,7411,13701,6256,4769,6721,5606
"Hero Wars",0,0,0,0,0,0,0,0,0,0,0,0,0,0,0,0,0,0,0,52060,43037,87752,18976,11001
"Idle Adventurers",0,0,0,0,0,0,0,0,0,0,0,0,0,0,0,0,81013,90512,21523,13948,5530,0,0,0
"Shin Sangokushi",16665,14655,14700,12861,13435,10880,20675,22037,11324,8250,9289,8424,6161,7632,5763,2250,1992,3005,2406,4185,3811,3338,5086,2360
"Devil Basara",0,0,0,0,0,0,0,0,135354,44545,12694,7973,4881,0,0,0,0,0,0,0,0,0,0,0
"ManganDahen Casino",3521,7531,3237,2642,2576,2418,3813,2581,4009,4881,4057,47146,11304,23818,20611,5333,4572,6562,8132,9523,8386,5123,3895,4349
"City of Forever 7 Days",0,0,0,91082,87918,9263,3541,4890,1780,0,0,0,0,0,0,0,0,0,0,0,0,0,0,0
"Dark Avenger 3",0,0,0,0,0,97132,85562,14809,0,0,0,0,0,0,0,0,0,0,0,0,0,0,0,0
"OMG!Kingdoms! 2",39549,6520,6750,3897,22784,22083,48966,6685,5385,5298,5139,3065,3265,2440,2991,2553,2968,0,0,0,0,0,0,0
"The Soul Land",0,0,0,0,0,0,0,0,0,0,0,0,0,0,0,0,0,69439,43685,33408,19215,9583,6995,6515
"Fire Like the Song",0,0,0,0,0,0,0,0,114511,31661,17217,9493,4299,3940,3597,0,0,0,0,0,0,0,0,0
"Xin Stars",9066,11435,6728,6330,8455,6329,6619,6749,7038,7812,7383,10342,9013,11333,8061,8088,6302,6086,5505,6581,7248,6339,6532,9272
"Monster Strike",10401,18783,11490,6606,0,0,9191,5882,6763,18050,7674,0,5842,10783,0,0,8299,6409,13186,0,11436,14765,11050,7461
"Dragalia Lost",0,0,0,0,0,0,0,0,0,101677,18361,7940,9687,4495,6452,6153,7118,3304,3352,3100,4867,5384,0,0
"Guard: the Light of Destiny",0,0,0,144678,20313,13205,3309,0,0,0,0,0,0,0,0,0,0,0,0,0,0,0,0,0
"MLB 9 Innings 18",3162,3245,4210,17077,20748,8103,6652,8058,8829,10361,5028,5042,5226,4492,6686,8016,5628,4845,6232,6788,5228,14137,7599,4624
"Box Office Wonder",0,0,0,0,0,0,0,0,69323,50786,9203,24112,26482,0,0,0,0,0,0,0,0,0,0,0
"Golden luck Entertainment City",3885,8751,5546,4976,4227,4881,9043,7542,8709,11309,9454,8014,6828,12308,7427,7629,6937,7520,7113,7876,7164,9662,4746,5330
"Papa Three Kingdom 2",0,0,0,0,0,0,0,79935,28643,8740,3992,13157,1423,0,4218,2917,2937,2381,1852,5956,5951,2964,3599,4169
"Township",0,0,0,0,0,0,0,0,0,0,0,0,0,0,0,25142,24527,27756,21160,23748,16183,18481,15421,0
"Eternal Guarding",0,0,0,0,0,0,0,0,0,0,0,0,0,0,0,0,30835,37384,26535,27954,28403,7435,5257,4221
"DRAGON BALL LEGENDS",0,0,0,0,0,134623,0,0,0,0,0,0,0,0,15905,0,0,6021,0,4831,0,0,0,4441
"Epic Seven",0,0,0,0,0,0,0,0,0,0,50102,11772,6041,29451,9852,13802,11275,6923,4315,4833,4142,3070,4615,3100
"Two Three Kingdoms: Turn-based",0,0,0,0,0,0,0,0,0,0,0,0,0,0,0,0,0,0,0,0,0,52245,57485,51356
"Stone Age M",0,0,0,0,0,0,117024,20649,11953,2821,2493,4016,0,1979,0,0,0,0,0,0,0,0,0,0
"I'm a legend",0,0,0,0,0,0,12721,14606,24715,20201,26194,12497,14377,6643,9548,6967,6652,0,0,0,0,0,0,0
"0857online",8408,9927,8768,12172,6423,5469,4569,8977,7063,7585,5152,5918,6519,9597,6112,4814,3798,3886,4207,6643,5195,4365,4640,3915
"Hearthstone: Heroes of Warcraft",16883,11588,10645,14570,0,10103,7596,12087,9791,10441,10532,13917,0,0,6422,10089,0,0,0,6266,0,0,0,0
"Dragon Raja",0,0,0,0,0,0,0,0,0,0,0,0,0,0,0,0,0,0,0,0,58450,52303,22669,16349
"Brown Dust",0,0,0,0,0,0,0,0,0,67133,30600,9518,8626,7307,9325,3071,2021,1948,3241,0,0,0,3882,1330
"The magic night of Tang Dynasty",0,0,0,0,0,0,0,0,0,0,0,0,0,0,0,106635,33175,7830,0,0,0,0,0,0
"Saint Seiya : Awakening",0,0,0,0,0,0,0,0,0,0,0,0,0,0,123443,6116,4110,2942,5045,1730,1234,0,0,0
"Legend of Xi Fei",4997,6469,4662,7351,9835,9321,8749,10012,10648,7171,6558,5832,9591,14116,5200,7212,2566,3228,3329,3775,1539,1105,1099,0
"Fate/Grand Order",8572,6109,6930,10070,4871,4342,4468,11878,7013,5525,6157,6430,5566,4355,5981,5715,5636,5354,5334,8295,5243,3034,3527,3431
"King And Beauty",0,0,0,0,0,0,0,0,0,0,0,0,0,0,0,0,0,0,0,0,0,42328,71877,28302
"MARVEL Future Fight",3185,8407,4825,9378,20909,5382,3646,3702,3088,3881,2646,3083,3178,2651,4518,7175,19016,6168,9965,5239,2635,2287,2561,4203
"THE KING OF FIGHTERS ALLSTAR",0,0,0,0,0,0,0,0,0,0,0,0,0,0,0,0,0,0,0,0,0,75913,52192,13111
"Lost Decade",0,0,0,0,0,0,0,39156,52269,23482,7360,5062,5112,4900,3763,0,0,0,0,0,0,0,0,0
"I am MT 4",0,0,0,0,0,0,0,0,0,0,102872,32139,3130,1419,0,0,0,0,0,0,0,0,0,0
"Runaway hero",0,0,0,0,0,0,0,0,0,0,0,0,0,0,0,0,0,0,0,0,0,0,84009,55309
"King's Raid",0,0,0,0,39336,28738,12763,7084,6529,11250,12375,5058,4940,4706,5913,0,0,0,0,0,0,0,0,0
"Enquire from the gods",0,0,0,0,0,0,47875,11243,14568,18372,17849,13822,0,0,0,5909,6842,0,0,0,0,0,0,0
"The Soul of Hunter",0,0,0,0,0,0,0,120638,13299,0,0,0,0,0,0,0,0,0,0,0,0,0,0,0
"Alliance X Empire",0,0,0,0,0,0,0,0,0,0,0,0,0,68369,40167,12028,10587,0,0,0,0,0,0,0
"Food Fantasy",0,0,97449,28605,4998,0,0,0,0,0,0,0,0,0,0,0,0,0,0,0,0,0,0,0
"Onmyoji",7685,5618,5857,6280,13976,4923,4661,4333,4482,4580,4494,5679,5473,0,5087,0,7343,4975,4792,6768,5350,4036,6140,7991
"MU Awakening",0,0,0,91321,14607,4634,3007,3606,2206,3917,1786,1229,2802,1296,0,0,0,0,0,0,0,0,0,0
"Secretary to the president",0,0,0,0,0,0,0,78394,51061,0,0,0,0,0,0,0,0,0,0,0,0,0,0,0
"ambition",0,0,40627,25091,14901,47902,0,0,0,0,0,0,0,0,0,0,0,0,0,0,0,0,0,0
"Angel Era",0,0,0,0,0,0,76339,36468,14182,1242,0,0,0,0,0,0,0,0,0,0,0,0,0,0
"Luna Online",0,0,0,94020,24186,4441,0,0,0,0,0,0,0,0,0,0,0,0,0,0,0,0,0,0
"La Tale W",0,0,0,111658,7954,0,0,0,0,0,0,0,0,0,0,0,0,0,0,0,0,0,0,0
"Hot blooded sword",0,0,0,0,0,0,0,0,0,0,0,0,0,0,0,0,0,0,0,24951,37862,28773,17570,8668
"Royal Chaos",0,0,0,0,22558,19916,20202,10274,10774,10422,9345,2961,2944,2997,1642,1356,0,0,0,0,0,0,0,0
"Haoshen Entertainment City",0,0,0,0,0,0,0,0,0,0,0,0,0,0,0,0,0,0,0,33969,25740,21102,16459,15327
"The Seven Deadly Sins: Heroes Assembled",0,0,0,0,0,0,0,0,111493,0,0,0,0,0,0,0,0,0,0,0,0,0,0,0
"The sword of the world",0,0,0,0,0,0,0,31572,7525,10734,17923,12015,3922,3270,4003,3449,2357,8063,4511,1710,0,0,0,0
"Glory of Cepheus",0,0,0,0,0,0,0,0,0,0,0,0,0,0,0,0,0,0,0,0,0,72273,26885,11624
"Dungeon Survivor II",0,0,74983,13103,21611,0,0,0,0,0,0,0,0,0,0,0,0,0,0,0,0,0,0,0
"Mario Kart Tour",0,0,0,0,0,0,0,0,0,0,0,0,0,0,0,0,0,0,0,0,0,109252,0,0
"Cross Gate",0,0,0,0,0,0,0,0,0,0,0,0,0,0,0,0,0,73994,24071,4800,2305,1893,1375,0
"Another Eden",0,0,0,0,0,0,0,0,0,0,0,0,0,52727,22987,10881,0,3002,0,4400,2455,2406,0,9346
"Fate of Ascension",0,0,48027,40867,8907,4864,3441,0,0,0,0,0,0,0,0,0,0,0,0,0,0,0,0,0
"I Am Rich",0,0,0,0,0,0,0,0,0,0,0,0,0,92389,13468,0,0,0,0,0,0,0,0,0
"Heroes of Tang Dynasty",0,75898,28743,0,0,0,0,0,0,0,0,0,0,0,0,0,0,0,0,0,0,0,0,0
"Cloud and dream",0,0,0,0,0,0,0,0,0,0,0,69944,17141,10781,6673,0,0,0,0,0,0,0,0,0
"Final Fantasy XV: A New Empire",8639,12648,11854,8621,8548,6998,7446,6025,4369,3646,2804,4915,5040,4144,3351,2325,0,0,0,0,0,0,0,0
"Archangel Sword H5",0,0,0,42120,24000,12200,8194,3906,3090,3772,1767,1392,0,0,0,0,0,0,0,0,0,0,0,0
"NOVENIA",98519,0,0,0,0,0,0,0,0,0,0,0,0,0,0,0,0,0,0,0,0,0,0,0
"Miracle Nikki",4997,12950,3783,5276,4460,4501,6289,8550,0,3384,6051,8057,7444,7437,5986,0,0,0,0,8438,0,0,0,0
"Professional Baseball VS",0,0,0,0,0,0,0,73438,23871,0,0,0,0,0,0,0,0,0,0,0,0,0,0,0
"Xuanyuan Xiuxian record",0,0,0,0,0,0,0,0,0,0,0,0,0,0,0,0,0,0,0,49948,29286,7937,5580,4280
"God of Night",0,0,0,0,0,0,0,0,0,0,0,0,0,0,0,0,0,88138,6616,0,0,0,0,0
"Pirates of the Caribbean: Set Sail",0,0,0,84124,5633,4423,0,0,0,0,0,0,0,0,0,0,0,0,0,0,0,0,0,0
"Ghost",6705,2681,2542,1969,1897,0,0,0,0,0,0,0,0,0,0,0,0,0,0,0,0,0,0,78203
"Awakening Of Dragon",0,0,0,0,0,0,0,0,0,0,0,0,0,0,0,0,0,0,0,0,0,60295,25649,7910
"Legend of Bluemoon",0,0,0,0,0,0,0,0,0,0,0,0,0,0,0,0,51831,28676,11658,0,0,0,0,0
"The Bright Moon",0,0,0,0,0,0,0,0,0,0,0,0,87973,4148,0,0,0,0,0,0,0,0,0,0
"The Origin of Adventure",0,0,0,0,0,0,0,0,0,0,0,0,0,0,90921,0,0,0,0,0,0,0,0,0
"Attack on Titan",0,0,0,0,0,0,0,0,0,0,0,0,0,0,0,0,0,0,90839,0,0,0,0,0
"Moonless God",48634,33604,8517,0,0,0,0,0,0,0,0,0,0,0,0,0,0,0,0,0,0,0,0,0
"The King Of Fighters World",0,0,0,0,0,84754,5390,0,0,0,0,0,0,0,0,0,0,0,0,0,0,0,0,0
"Azur Lane",0,0,0,0,0,0,0,0,0,0,0,0,0,0,0,0,0,0,0,0,0,60890,17475,11275
"Golden HoYeah Slots",5585,5112,5962,5640,0,0,0,0,2530,2692,5789,4970,5816,7354,4111,3787,2909,3472,3436,4122,4387,3229,2529,4290
"Barrage and Archer",0,0,0,0,0,0,0,0,0,0,0,0,0,0,0,77827,9839,0,0,0,0,0,0,0
"Crash Fever",4423,4683,6205,6871,5197,3774,2949,2581,2029,2236,2710,4987,4044,3609,6309,3272,0,3364,2920,2241,2569,2701,3231,3999
"Seal Mobile",0,0,0,0,0,0,0,0,0,0,0,0,0,0,0,0,0,0,0,0,0,0,33512,53227
"Floating life is my song",0,0,0,0,0,0,0,0,0,0,0,0,0,0,0,0,0,0,68650,8555,5375,4100,0,0
"I am an Emperor in Qing Dynasty",23870,9798,8344,13227,17271,10059,1684,1281,1018,0,0,0,0,0,0,0,0,0,0,0,0,0,0,0
"Manghuangji 2018",0,0,0,0,0,62605,10335,8467,3125,0,0,0,0,0,0,0,0,0,0,0,0,0,0,0
"War and Order",6205,11113,13511,9928,12008,8345,5630,5069,4015,2467,1656,1061,0,0,0,0,0,0,1370,0,0,1615,0,0
"King of Kings",0,0,0,0,0,0,0,0,49671,7681,8961,5541,3727,2386,3669,0,0,0,0,0,0,0,0,0
"Immortal Swords",0,0,0,27698,35258,12600,5096,0,0,0,0,0,0,0,0,0,0,0,0,0,0,0,0,0
"LINE Rangers",4250,8806,10327,9406,4681,17953,0,9330,0,15586,0,0,0,0,0,0,0,0,0,0,0,0,0,0
"Forsaken World",0,0,0,0,0,0,0,0,0,0,0,0,0,0,0,0,0,0,0,0,54102,19252,4020,2949
"Dark Legend",0,0,0,0,0,0,0,0,0,0,0,80078,0,0,0,0,0,0,0,0,0,0,0,0
"Battle Spirit M",0,0,0,0,0,0,0,0,0,0,0,0,0,0,0,0,0,0,0,0,0,0,59791,20194
"Girls X Battle 2",0,0,0,0,0,0,0,0,14867,15192,13411,10291,7071,4230,4545,5417,0,0,4913,0,0,0,0,0
"Wu Dao Xian Zun",0,0,0,0,0,0,0,0,0,0,9250,32576,14070,10049,9727,3613,0,0,0,0,0,0,0,0
"Lineage 2 Revolution",5606,3584,3932,2466,2667,2319,2356,2054,6602,2411,2843,3792,2621,2883,6724,3158,2303,2733,2440,4557,5392,1871,1751,1757
"Bravo Casino",0,2739,15970,4149,3286,2251,2248,2462,4821,3043,2493,2173,2023,2154,1720,1191,1179,6439,2151,2602,2352,3911,4035,3087
"Jiang Dan The Great War",3767,4980,2796,0,4597,4749,3991,9313,7735,4704,4136,4565,6836,1916,2930,1910,0,3059,1842,1784,1228,1377,0,0
"Fantasy realm",0,0,0,0,0,0,0,67476,6457,3882,0,0,0,0,0,0,0,0,0,0,0,0,0,0
"Reincarnation formula",0,0,0,0,0,0,73714,3320,0,0,0,0,0,0,0,0,0,0,0,0,0,0,0,0
"Xuan-Yuan Sword Mobile",0,0,0,0,0,0,0,0,0,0,0,0,0,0,71730,4542,0,0,0,0,0,0,0,0
"Fury Survivor: Pixel Z",0,0,0,0,0,0,0,0,0,0,0,0,0,0,0,0,0,75244,0,0,0,0,0,0
"Yu-Gi-Oh! Duel Links",17415,7245,8447,4687,5818,5358,0,0,0,6896,0,0,7289,0,0,0,4634,0,0,0,0,6990,0,0
"Destiny Child",0,0,0,0,0,0,0,0,0,0,0,42733,24715,5069,1987,0,0,0,0,0,0,0,0,0
"Faith Framework",0,0,0,0,0,0,0,0,0,0,0,0,0,0,0,0,64126,10371,0,0,0,0,0,0
"My Own Swordsman",0,0,0,0,0,0,0,0,0,61589,10734,1916,0,0,0,0,0,0,0,0,0,0,0,0
"Inuyasha - Battle of Naraku",0,0,0,0,0,0,0,0,0,0,0,0,0,0,0,0,73862,0,0,0,0,0,0,0
"Pokémon Quest",0,0,0,0,0,0,73239,0,0,0,0,0,0,0,0,0,0,0,0,0,0,0,0,0
"Baseball palace 2017",0,0,0,0,8054,12414,5501,7772,8316,9475,0,0,0,0,0,0,0,0,0,0,0,0,13241,8417
"Return of the Condor Heroes 2",0,0,0,0,0,0,0,0,0,0,0,39743,17741,10180,5388,0,0,0,0,0,0,0,0,0
"Regent of Qing Dynasty",0,0,0,26863,23009,8834,10922,3233,0,0,0,0,0,0,0,0,0,0,0,0,0,0,0,0
"Aura Kingdom 2",0,0,0,0,0,0,0,0,0,0,0,0,0,0,0,0,0,0,0,0,63196,4273,4191,0
"Everybody's Marble",17082,13381,13066,17126,10929,0,0,0,0,0,0,0,0,0,0,0,0,0,0,0,0,0,0,0
"Love with the immortal",0,0,0,0,0,0,0,0,0,0,71231,0,0,0,0,0,0,0,0,0,0,0,0,0
"Twinkling light",0,0,0,0,0,0,0,0,0,0,0,0,0,0,0,0,0,0,0,0,0,0,0,70820
"SINoALICE",0,0,0,0,0,0,0,0,0,0,0,70566,0,0,0,0,0,0,0,0,0,0,0,0
"Baoyoufa Entertainment City",0,0,0,0,0,0,6062,4874,4674,3973,3460,3317,2858,0,2658,4016,3435,3585,3220,3597,7025,4889,3764,4736
"The Tale of Five Kingdoms",0,0,0,0,60081,9969,0,0,0,0,0,0,0,0,0,0,0,0,0,0,0,0,0,0
"Texas Poker by Gamesofa",5733,12373,10048,6843,5471,0,0,0,0,0,0,0,0,12678,0,0,0,0,0,0,7064,8618,0,0
"Nirvana in Fire",0,0,0,54121,7756,5591,0,0,0,0,0,0,0,0,0,0,0,0,0,0,0,0,0,0
"The story of the demon God",0,0,0,0,0,0,0,0,0,0,0,0,0,0,0,0,56646,10128,0,0,0,0,0,0
"Destiny of an Emperor M",0,0,0,0,0,0,0,0,55278,8044,2046,0,0,0,0,0,0,0,0,0,0,0,0,0
"Total Warfare – Epic Kingdoms",5059,3684,3692,4485,3559,2984,4054,5749,2311,2399,2472,2636,2830,0,1433,1328,0,2447,0,4393,6643,3087,0,0
"Pokémon Masters",0,0,0,0,0,0,0,0,0,0,0,0,0,0,0,0,0,0,0,0,65056,0,0,0
"Novoland the Castle in the Sky",26619,16450,13305,3197,1733,1563,1386,0,0,0,0,0,0,0,0,0,0,0,0,0,0,0,0,0
"JUMPTI Heroes",0,0,0,0,0,0,0,0,0,0,0,0,0,0,0,0,0,0,36589,9615,3839,7092,2527,2475
"Everyone Legend of Heroes",0,0,58596,3056,0,0,0,0,0,0,0,0,0,0,0,0,0,0,0,0,0,0,0,0
"Summoners War",2498,2461,1993,1902,1924,1691,2650,2120,2053,2737,2123,2027,2115,1951,1936,1872,2288,8348,2778,2742,2651,3141,2862,2431
"Yokai Kitchen",0,0,0,0,0,0,0,0,0,0,0,0,0,0,0,0,0,0,0,60833,0,0,0,0
"Legend of hope",0,0,0,0,0,0,0,0,0,0,57548,3222,0,0,0,0,0,0,0,0,0,0,0,0
"Chang'an fantasy painting",0,0,0,0,0,0,0,0,0,0,0,0,0,0,0,44863,15184,0,0,0,0,0,0,0
"I'm in the world",0,0,0,0,0,0,0,0,0,0,0,0,0,0,0,0,0,0,39803,16711,2152,0,0,0
"Eternity: the Origin of Fate",0,0,0,0,0,0,0,0,0,0,0,0,57624,0,0,0,0,0,0,0,0,0,0,0
"Kaiser",0,0,0,0,0,0,0,0,0,0,0,0,40065,15192,0,0,0,0,0,0,0,0,0,0
"Sword Art Online: Integral Factor",0,0,0,54088,0,0,0,0,0,0,0,0,0,0,0,0,0,0,0,0,0,0,0,0
"Clash of Clans",0,0,8197,6540,0,8074,0,6465,0,0,0,0,0,0,0,0,0,8422,6735,0,0,0,0,9353
"Yokai Tamer",0,0,0,0,0,0,0,0,0,0,0,0,0,0,0,0,17257,0,12299,12863,7304,4056,0,0
"Crisis Action",12948,15438,10156,0,0,0,15017,0,0,0,0,0,0,0,0,0,0,0,0,0,0,0,0,0
"CARAVAN STORIES",0,0,0,0,0,0,0,53219,0,0,0,0,0,0,0,0,0,0,0,0,0,0,0,0
"SNK all star",0,0,0,0,0,0,0,0,0,0,0,0,0,40518,12264,0,0,0,0,0,0,0,0,0
"Rohan M",0,0,0,0,0,0,0,0,0,0,0,0,0,0,0,0,0,0,0,0,0,0,46617,6059
"Bleach: Memories of Nobody",0,0,0,0,0,0,0,0,0,0,0,0,47548,1763,1156,1456,0,0,0,0,0,0,0,0
"Love on pillow",0,0,9081,39275,0,3518,0,0,0,0,0,0,0,0,0,0,0,0,0,0,0,0,0,0
"Kardia tou Abel",0,0,0,0,0,0,0,0,0,0,0,0,0,0,0,41300,10425,0,0,0,0,0,0,0
"Ever Night",0,0,0,0,0,0,0,0,0,0,0,0,0,22277,10710,9478,8371,0,0,0,0,0,0,0
"Tale of Wuxia",0,0,0,0,0,0,0,0,0,0,0,0,0,0,46901,2899,1017,0,0,0,0,0,0,0
"Age of Z",0,0,0,0,0,0,0,0,0,0,0,0,0,0,0,0,0,0,9566,13578,9043,5395,6411,6540
"Sword and contract",0,0,0,0,0,0,0,0,0,0,0,0,0,0,0,0,41552,8837,0,0,0,0,0,0
"Taigu God King: Star soul Awakening",0,0,0,0,0,0,0,0,0,0,0,0,0,0,40926,8895,0,0,0,0,0,0,0,0
"Infinite Fighting",1991,2268,2178,5023,3640,3166,2932,2959,2687,3834,2962,2057,1826,0,5782,3132,1867,1488,0,0,0,0,0,0
"Empires ; Puzzles",0,0,0,0,0,0,0,0,0,0,0,0,0,0,0,0,0,0,0,0,0,23330,14831,11090
"Spirit Wish",0,0,0,0,0,0,0,0,0,0,0,0,0,0,0,0,0,0,0,0,0,0,43468,4067
"The story of choosing Immortals",0,0,36790,10568,0,0,0,0,0,0,0,0,0,0,0,0,0,0,0,0,0,0,0,0
"Exquisite formula",0,0,15091,18171,4474,5308,3012,0,0,0,0,0,0,0,0,0,0,0,0,0,0,0,0,0
"Engagement: the spirit comes again",0,0,0,0,0,0,0,0,0,0,0,0,0,0,0,36795,7292,1900,0,0,0,0,0,0
"Song of Time",0,0,0,0,0,0,0,0,0,0,0,0,0,0,0,43373,2276,0,0,0,0,0,0,0
"The Legend of The Condor Heroes 2",11798,12386,8744,6543,5747,0,0,0,0,0,0,0,0,0,0,0,0,0,0,0,0,0,0,0
"DanMachi Memoria",0,0,0,0,0,0,0,0,0,0,38783,3920,0,0,0,2374,0,0,0,0,0,0,0,0
"HUGA Slots",4153,3840,3927,3256,2921,1441,1607,2152,1868,1979,3379,2347,2783,2588,2145,0,0,1445,1294,0,0,1299,0,0
"Younger martial sister Yuanqi",0,0,0,0,0,0,0,0,0,0,0,0,0,0,0,0,0,0,0,0,0,34446,9860,0
"The origin of Mori",0,0,0,0,0,0,0,0,0,0,0,0,0,0,0,36951,7297,0,0,0,0,0,0,0
"Story of the Peach Blossom Valley",0,0,0,0,0,0,0,0,0,22736,11550,9707,0,0,0,0,0,0,0,0,0,0,0,0
"Divine Comedy",0,0,0,0,0,0,0,0,0,0,0,0,35694,8011,0,0,0,0,0,0,0,0,0,0
"GUNDAM BATTLE: GUNPLA WARFARE",0,0,0,0,0,0,0,0,0,0,0,0,0,0,0,0,0,0,0,43528,0,0,0,0
"The Furious Yama",0,0,0,0,0,0,0,0,0,0,0,0,0,0,0,0,0,0,0,0,43045,0,0,0
"Sansheng Sanshi Shili peach blossom",0,0,0,0,0,0,0,0,0,0,0,0,0,0,0,0,0,0,0,0,0,0,37669,5033
"Noah's Contract M",0,0,0,0,0,0,0,0,0,0,41500,0,0,0,0,0,0,0,0,0,0,0,0,0
"Leader 2",0,0,0,0,0,0,41400,0,0,0,0,0,0,0,0,0,0,0,0,0,0,0,0,0
"Dragon overlord",0,0,0,0,0,0,0,0,0,0,0,0,0,0,0,33926,4567,2461,0,0,0,0,0,0
"Closers M",0,0,0,0,0,0,0,0,0,0,0,0,40536,0,0,0,0,0,0,0,0,0,0,0
"OverHit",0,0,0,0,0,0,0,0,0,0,0,0,0,0,0,0,0,40501,0,0,0,0,0,0
"Legacy of Discord",10997,9048,7365,4319,3164,2484,2114,0,0,0,0,0,0,0,0,0,0,0,0,0,0,0,0,0
"The Croods",0,0,0,0,0,0,0,0,0,0,0,0,0,0,0,0,0,39446,0,0,0,0,0,0
"Idle Devil",0,0,0,0,0,0,0,0,0,0,0,0,0,0,0,0,0,0,0,0,0,0,39146,0
"Place Three Kingdoms",0,0,0,0,0,0,0,0,0,0,0,0,0,38673,0,0,0,0,0,0,0,0,0,0
"Dragon Ball Z Dokkan Battle",2852,3635,0,2885,3509,0,4030,1692,3881,1444,940,0,0,4149,2164,0,1540,0,2417,0,1780,0,0,1620
"Candy Crush Soda Saga",9597,11348,17255,0,0,0,0,0,0,0,0,0,0,0,0,0,0,0,0,0,0,0,0,0
"Fire Emblem Heroes",14939,8648,6277,3773,2289,1760,0,0,0,0,0,0,0,0,0,0,0,0,0,0,0,0,0,0
"Eternal dream",0,0,0,0,0,0,0,0,0,0,0,0,0,0,0,0,0,0,23605,13591,0,0,0,0
"March - dream life",0,0,0,0,0,0,0,0,0,0,0,0,0,32025,2250,2403,0,0,0,0,0,0,0,0
"Lord Xue Ying",0,0,0,0,0,0,0,0,0,0,0,0,0,0,0,0,0,0,0,0,0,0,35293,0
"Eternal Battle",0,0,0,0,0,0,0,0,0,0,0,0,35179,0,0,0,0,0,0,0,0,0,0,0
"Girl's Frontline",3523,4743,5622,0,3273,2202,0,2545,2269,1907,0,1801,0,1725,0,0,1847,0,1854,0,0,0,0,0
"Hand tour of palace",0,0,0,0,0,0,0,0,0,0,0,0,0,0,3695,4333,4680,4030,3868,4016,3230,2607,2575,0
"The Demi-Gods and Semi-Devils Mobile",0,0,0,0,32537,0,0,0,0,0,0,0,0,0,0,0,0,0,0,0,0,0,0,0
"Fishing Strike",0,0,0,0,32248,0,0,0,0,0,0,0,0,0,0,0,0,0,0,0,0,0,0,0
"FINAL FANTASY BRAVE EXVIUS",2845,1597,2800,1701,1696,1118,0,2585,1197,1953,1838,1802,1867,1898,0,1340,1954,1106,1657,0,0,0,0,0
"The Land of Glory",7786,7586,9742,4431,0,0,0,0,0,0,0,0,0,0,0,0,0,0,0,0,0,0,0,0
"Spirit sword immortal master",0,0,0,0,0,0,0,0,0,0,0,0,0,0,0,0,0,0,0,0,28913,0,0,0
"Wild hope of overlord",0,0,0,0,0,0,0,0,0,0,0,0,0,0,0,0,0,0,0,0,0,0,20323,8521
"Merge Dragons",0,0,0,0,0,0,0,0,0,0,0,0,0,0,0,0,0,14571,14168,0,0,0,0,0
"Swordsman",0,0,0,0,0,0,0,0,0,0,0,0,0,0,0,0,0,0,0,0,0,0,0,28661
"Hidden City: Mystery of Shadows",0,0,28601,0,0,0,0,0,0,0,0,0,0,0,0,0,0,0,0,0,0,0,0,0
"SHINOBI MASTER -SENRAN KAGURA NEW LINK",0,0,0,0,0,0,0,0,0,0,0,0,0,0,0,27877,0,0,0,0,0,0,0,0
"Rampant School Park",0,0,0,0,0,27707,0,0,0,0,0,0,0,0,0,0,0,0,0,0,0,0,0,0
"Thirty six strategies",0,0,0,0,0,0,0,0,0,0,0,0,0,0,0,27446,0,0,0,0,0,0,0,0
"The Kunlun Ruins",9252,5342,4964,3755,2216,1505,0,0,0,0,0,0,0,0,0,0,0,0,0,0,0,0,0,0
"Lost Heaven",0,0,0,0,0,0,0,0,0,0,0,0,0,0,0,0,0,23363,3377,0,0,0,0,0
"A new era of navigation",0,0,0,0,0,0,0,0,0,0,0,0,0,0,0,0,26603,0,0,0,0,0,0,0
"Nine Regions Youxia Legend",0,0,0,0,2405,7750,7471,6586,1222,0,0,0,0,0,0,0,0,0,0,0,0,0,0,0
"Era of Kingdoms",0,0,0,0,0,0,0,0,0,0,25268,0,0,0,0,0,0,0,0,0,0,0,0,0
"Sangokushi Taisen",0,0,0,0,24738,0,0,0,0,0,0,0,0,0,0,0,0,0,0,0,0,0,0,0
"Crusaders Quest",8119,0,4881,0,0,0,0,0,0,0,0,0,5581,0,0,0,0,5043,0,0,0,0,0,0
"Guns of Glory",0,0,0,0,4261,0,2831,4766,5630,3944,0,0,0,0,0,0,0,0,0,2028,0,0,0,0
"The King of Fighters' 98 Ultimate Match",2461,2554,2552,2171,2280,2262,1877,1795,1375,3406,0,0,0,0,0,0,0,0,0,0,0,0,0,0
"The Epoch of Eternity",3800,3272,3223,1857,1868,1557,1198,1617,1120,1412,1749,0,0,0,0,0,0,0,0,0,0,0,0,0
"Crossing Void",0,0,0,0,0,0,0,0,0,0,0,0,21753,0,0,0,0,0,0,0,0,0,0,0
"BTS WORLD",0,0,0,0,0,0,0,0,0,0,0,0,0,0,0,0,0,0,15687,5235,0,0,0,0
"Space time contract",0,0,20765,0,0,0,0,0,0,0,0,0,0,0,0,0,0,0,0,0,0,0,0,0
"Sword Art Online Memory Defrag",8008,7845,4801,0,0,0,0,0,0,0,0,0,0,0,0,0,0,0,0,0,0,0,0,0
"Xiuzhen simulator",0,0,0,0,0,0,0,0,0,0,0,0,0,0,0,0,0,0,0,0,20195,0,0,0
"Small shrimps in the world",0,0,0,0,0,0,10680,9444,0,0,0,0,0,0,0,0,0,0,0,0,0,0,0,0
"Taigu Fengmo record",0,0,0,0,0,0,0,0,0,0,0,0,0,0,0,0,10191,4619,3245,2058,0,0,0,0
"Super warrior Z",0,0,0,0,0,0,0,0,0,0,0,0,0,0,0,0,0,0,0,0,0,0,19885,0
"Junior Monkey King",0,0,0,0,0,0,0,0,0,0,0,0,0,19757,0,0,0,0,0,0,0,0,0,0
"The Dark Crusade",7505,7020,5037,0,0,0,0,0,0,0,0,0,0,0,0,0,0,0,0,0,0,0,0,0
"All Within The Boundaries",0,19498,0,0,0,0,0,0,0,0,0,0,0,0,0,0,0,0,0,0,0,0,0,0
"The battle of Tianyi",0,0,0,0,19379,0,0,0,0,0,0,0,0,0,0,0,0,0,0,0,0,0,0,0
"My Country",1354,1255,1156,1985,1204,3187,2541,2076,1932,1839,0,0,0,0,0,0,0,0,0,0,0,0,0,0
"Luna M",8876,4080,5343,0,0,0,0,0,0,0,0,0,0,0,0,0,0,0,0,0,0,0,0,0
"Ultimate Guardian",0,0,0,0,0,0,0,0,0,0,0,0,18138,0,0,0,0,0,0,0,0,0,0,0
"Candle in the Tomb",0,17742,0,0,0,0,0,0,0,0,0,0,0,0,0,0,0,0,0,0,0,0,0,0
"A sword pours down on the city",0,0,0,0,0,0,0,0,0,0,11152,6487,0,0,0,0,0,0,0,0,0,0,0,0
"Fengyun 2",0,0,0,15672,1428,0,0,0,0,0,0,0,0,0,0,0,0,0,0,0,0,0,0,0
"The Story of Xia",16639,0,0,0,0,0,0,0,0,0,0,0,0,0,0,0,0,0,0,0,0,0,0,0
"Evil spirit retreating powder 2",0,0,0,0,0,0,0,0,0,0,0,0,0,0,0,0,0,0,0,0,0,16392,0,0
"DAFU Casino",0,0,0,0,0,0,0,0,0,0,0,0,0,0,0,0,0,0,0,0,0,0,0,16381
"Full House Casino",0,0,5297,4829,0,0,0,0,0,0,5917,0,0,0,0,0,0,0,0,0,0,0,0,0
"Great military division",0,0,0,0,0,0,0,0,0,15459,0,0,0,0,0,0,0,0,0,0,0,0,0,0
"Jade Dynasty",3556,3306,2995,2756,2341,0,0,0,0,0,0,0,0,0,0,0,0,0,0,0,0,0,0,0
"Dynasty Warriors: Unleashed",2935,3571,0,5506,2929,0,0,0,0,0,0,0,0,0,0,0,0,0,0,0,0,0,0,0
"Street Basketball",8390,6261,0,0,0,0,0,0,0,0,0,0,0,0,0,0,0,0,0,0,0,0,0,0
"Akuryo Taisan",14434,0,0,0,0,0,0,0,0,0,0,0,0,0,0,0,0,0,0,0,0,0,0,0
"Final Fantasy Awakening",6309,4376,3736,0,0,0,0,0,0,0,0,0,0,0,0,0,0,0,0,0,0,0,0,0
"Goblin's Tail - the strongest guild",0,0,0,0,0,0,0,0,14024,0,0,0,0,0,0,0,0,0,0,0,0,0,0,0
"Unparalleled Swordsman",5560,4826,3126,0,0,0,0,0,0,0,0,0,0,0,0,0,0,0,0,0,0,0,0,0
"Tianhua hundred Swords: Chop",0,0,0,0,0,12626,0,0,0,0,0,0,0,0,0,0,0,0,0,0,0,0,0,0
"Dawn of Daqin",0,0,0,0,0,0,0,0,0,0,0,0,0,0,0,0,0,0,0,0,0,0,0,12491
"King of Avalon: Dragon Warfare",1554,1397,1960,1218,1044,0,0,0,1335,1214,1146,0,0,0,0,0,1464,0,0,0,0,0,0,0
"Dragon Sky by Triple Double",0,0,0,0,0,0,0,0,0,0,0,0,0,0,11864,0,0,0,0,0,0,0,0,0
"The Legend of The Condor Heroes",3056,2902,3053,2834,0,0,0,0,0,0,0,0,0,0,0,0,0,0,0,0,0,0,0,0
"SEAL Hope: New World",6575,4013,1251,0,0,0,0,0,0,0,0,0,0,0,0,0,0,0,0,0,0,0,0,0
"Hundred Soul",0,0,0,0,0,0,0,0,0,0,0,0,0,0,0,0,0,0,0,11408,0,0,0,0
"Searching for immortals in the Tang Dynasty",0,0,0,0,11379,0,0,0,0,0,0,0,0,0,0,0,0,0,0,0,0,0,0,0
"Clash of Kings",2426,1289,0,0,1390,1239,0,0,0,0,0,0,0,0,0,0,1391,0,1629,1771,0,0,0,0
"Happy Fish",0,4547,0,0,0,0,0,0,0,0,0,0,0,0,0,0,0,0,0,5476,0,0,0,0
"Chief Almighty",0,0,0,0,0,0,0,0,0,0,0,0,0,0,9669,0,0,0,0,0,0,0,0,0
"Hoolai Three Kingdoms 2",0,9610,0,0,0,0,0,0,0,0,0,0,0,0,0,0,0,0,0,0,0,0,0,0
"Grand Chase",0,0,0,0,0,0,0,0,0,0,8767,0,0,0,0,0,0,0,0,0,0,0,0,0
"Yulgang Mobile",3310,1698,1916,1488,0,0,0,0,0,0,0,0,0,0,0,0,0,0,0,0,0,0,0,0
"Marvel Contest of Champions",8130,0,0,0,0,0,0,0,0,0,0,0,0,0,0,0,0,0,0,0,0,0,0,0
"Keep a Hero to Battle",8077,0,0,0,0,0,0,0,0,0,0,0,0,0,0,0,0,0,0,0,0,0,0,0
"Pig's Adventure",2906,2758,2200,0,0,0,0,0,0,0,0,0,0,0,0,0,0,0,0,0,0,0,0,0
"Yang Guo and Little Dragon Girl",0,0,0,0,0,0,0,0,0,7674,0,0,0,0,0,0,0,0,0,0,0,0,0,0
"Last Empire-War Z",3394,3925,0,0,0,0,0,0,0,0,0,0,0,0,0,0,0,0,0,0,0,0,0,0
"Sword dance",0,0,0,0,0,0,0,0,0,0,0,0,0,0,0,7206,0,0,0,0,0,0,0,0
"Garena DDTank",6973,0,0,0,0,0,0,0,0,0,0,0,0,0,0,0,0,0,0,0,0,0,0,0
"Captain Tsubasa: Dream Team",0,0,0,1960,0,4032,0,0,0,0,0,0,0,0,0,0,0,0,0,0,0,0,0,0
"Brutal Age: Horde Invasion",5777,0,0,0,0,0,0,0,0,0,0,0,0,0,0,0,0,0,0,0,0,0,0,0
"You and the world",0,0,5351,0,0,0,0,0,0,0,0,0,0,0,0,0,0,0,0,0,0,0,0,0
"Destiny 6",5140,0,0,0,0,0,0,0,0,0,0,0,0,0,0,0,0,0,0,0,0,0,0,0
"Three Kingdoms Game",0,0,0,0,0,0,1654,0,2961,0,0,0,0,0,0,0,0,0,0,0,0,0,0,0
"Black Knight and white Lord",0,0,0,0,0,4022,0,0,0,0,0,0,0,0,0,0,0,0,0,0,0,0,0,0
"Shadowverse",0,0,0,3794,0,0,0,0,0,0,0,0,0,0,0,0,0,0,0,0,0,0,0,0
"Demon Seals",2102,0,1417,0,0,0,0,0,0,0,0,0,0,0,0,0,0,0,0,0,0,0,0,0
"The Sword And Lovers",2252,1118,0,0,0,0,0,0,0,0,0,0,0,0,0,0,0,0,0,0,0,0,0,0
"Colopl Rune Story",0,3171,0,0,0,0,0,0,0,0,0,0,0,0,0,0,0,0,0,0,0,0,0,0
"MLB Perfect Inning Live",0,0,0,0,0,3108,0,0,0,0,0,0,0,0,0,0,0,0,0,0,0,0,0,0
"Mirage Memorial",0,0,0,0,0,0,0,0,0,0,0,0,0,0,0,0,0,0,0,3010,0,0,0,0
"One Piece Treasure Cruise",0,2355,0,0,0,0,0,0,0,0,0,0,0,0,0,0,0,0,0,0,0,0,0,0
"Teon",0,0,0,0,0,0,0,0,0,0,2307,0,0,0,0,0,0,0,0,0,0,0,0,0
"The Legend of Sword and Fairy 5",2298,0,0,0,0,0,0,0,0,0,0,0,0,0,0,0,0,0,0,0,0,0,0,0
"Summoner of the Gods",1587,0,0,0,0,0,0,0,0,0,0,0,0,0,0,0,0,0,0,0,0,0,0,0
"Smash of Dynasty",0,1485,0,0,0,0,0,0,0,0,0,0,0,0,0,0,0,0,0,0,0,0,0,0
"Heroes of Might and Magic",1293,0,0,0,0,0,0,0,0,0,0,0,0,0,0,0,0,0,0,0,0,0,0,0
"Battle Warship: Naval Empire",0,0,0,0,0,0,0,0,0,0,0,0,0,0,0,0,0,0,0,0,0,0,0,0
"big boss",0,0,0,0,0,0,0,0,0,0,0,0,0,0,0,0,0,0,0,0,0,0,0,0
"Millennial Jiae M",0,0,0,0,0,0,0,0,0,0,0,0,0,0,0,0,0,0,0,0,0,0,0,0
"MU: Origin",0,0,0,0,0,0,0,0,0,0,0,0,0,0,0,0,0,0,0,0,0,0,0,0
