"game_name","2018/01","2018/02","2018/03","2018/04","2018/05","2018/06","2018/07","2018/08","2018/09","2018/10","2018/11","2018/12","2019/01","2019/02","2019/03","2019/04","2019/05","2019/06","2019/07","2019/08","2019/09","2019/10","2019/11","2019/12"
"Total",58519612,45095451,30140701,29143158,25231172,24097996,28925165,32688904,27175648,27418661,32722932,23983959,22614413,25532309,25610937,22806584,21740670,27289189,33226582,31387671,19854696,18712147,18854800,24734416
"Honour of Kings",3529185,5278860,3830030,1617221,1312327,1387107,1979326,1962648,1983619,2128955,1928673,2264958,2480554,2213888,1528704,1554761,1218116,1500858,1610441,1392560,1038128,1071126,1027655,1108410
"QQ Speed",10310006,4105373,2466587,1011263,757262,646706,795263,788086,556668,634385,574380,856320,1065218,897889,659799,577901,492171,620469,895347,657536,476833,381805,409441,490051
"Identity V",0,0,0,10706595,3228938,1407755,1312004,1246536,837556,882569,546709,486754,540190,640074,415417,550072,443442,470378,552422,573129,343900,330570,314239,311267
"Landlord Poker",1654536,2345456,1804718,782915,812469,760691,899866,1066490,1146567,1242967,1153726,1286291,1269899,1110374,877129,790474,713512,850652,888631,881083,763913,696519,639760,600656
"LifeAfter",0,0,0,0,0,0,0,0,0,0,11706875,2892562,2105694,1399072,705712,370204,389157,296220,349702,287585,187240,240073,391364,199504
"Anipop",956017,1668156,1354485,616652,560438,589400,718933,750354,755861,836678,775864,1164613,980852,729461,684039,731443,661496,700430,825065,711087,711687,626508,662159,666401
"Travel Frog",13184603,4340608,0,0,0,0,0,0,0,0,0,0,0,0,0,0,0,0,0,0,0,0,0,0
"QQMahjong",1114532,1596335,1505848,649878,576343,548574,625562,692148,699739,690509,573591,705075,874607,1420941,941197,455904,450645,459215,457071,453679,446316,392950,369803,399168
"CrossFire",1582017,1909487,965322,518042,447979,466939,674620,724603,386164,421622,347842,476700,548945,499101,290765,265551,387606,472550,551840,564958,353461,342380,327992,360763
"Knives Out",4317564,3196157,1307196,701899,412779,328575,332467,306627,170092,202161,153590,155559,169791,249731,168972,0,0,0,0,174307,0,0,0,0
"Game For Peace",0,0,0,0,0,0,0,0,0,0,0,0,0,0,0,0,2102238,1690977,1998294,1777235,1178803,1069132,929061,1129414
"CrazyRacing KartRider",0,0,0,0,0,0,0,0,0,0,0,0,0,0,0,0,0,0,5215472,1970572,905882,645143,371637,354883
"Battle of Balls",517595,1123200,332272,229740,220689,296088,523873,489480,219219,280208,256872,247093,431352,624639,297289,186257,205074,278403,344711,338078,226722,0,0,249728
"Ninja Must Die 3",0,0,0,0,0,0,0,0,476231,150431,125547,183827,2239706,1612202,720294,282239,324689,188942,410442,274935,173285,189698,158965,266543
"Let’s Hunt Monsters",0,0,0,0,0,0,0,0,0,0,0,0,0,0,0,5093650,1638485,505537,225343,118078,76247,42036,0,0
"A Dream of Jianghu",1142035,1607437,763663,485272,349080,284457,521847,237428,125464,108039,132439,175600,213215,229214,127915,111275,111807,164165,180462,143574,84383,75679,60478,73453
"Royal Chaos",522414,869951,419725,281972,344127,286037,348561,316132,270251,390050,229137,217703,294378,394898,240462,243665,264010,251368,306588,243468,164706,209626,96605,61332
"God of Night",0,0,0,0,0,0,0,0,3144930,1243854,332254,405840,272988,346007,233039,175789,111976,110481,105902,128051,106018,87612,84097,47536
"Jelly Blast",583673,644837,394364,248147,199138,200944,243583,240723,167543,203257,158830,302308,204162,264798,459395,465288,408671,401204,532568,328730,250083,0,0,0
"QQ Dancer",0,0,2667170,783778,397570,268195,252509,238054,181683,153120,135052,146492,213520,189653,134674,127241,131186,109421,144056,145880,109272,79744,93103,97555
"Perfect World",0,0,0,0,0,0,0,0,0,0,0,0,0,0,5011158,650649,249847,152105,99941,96813,108155,73907,165609,107535
"Homescapes",476031,678395,449555,224679,166317,179399,555671,343054,168036,178363,0,162731,174460,308774,545557,547604,228043,200457,317511,322219,238642,157954,0,0
"The Soul Land",0,0,0,0,0,0,0,0,0,0,0,0,612375,844589,626871,614662,576937,672209,773525,543144,437817,341870,269437,234119
"Lord of the City",0,0,0,0,0,0,0,0,0,0,0,0,268980,959603,426532,747270,753344,520136,538567,479326,470019,399867,373601,274730
"JJ Doudizhu",603403,820079,665906,325437,278852,169975,163025,204646,199038,265116,245056,266629,287597,348534,228507,162668,104084,0,0,118708,213521,165213,162047,166225
"Red Alert OL",0,0,0,0,0,0,0,0,0,3345976,757721,384808,267000,168793,192204,147664,137990,131892,118769,99128,100550,111931,98552,74605
"One Piece Burning Will",0,0,0,0,0,0,0,0,1682638,2347461,397196,211587,188833,180166,188292,150841,104474,89271,103720,78582,82453,116415,60432,74452
"Love and Producer",2458591,1238703,533795,299553,268561,192620,229073,136065,39121,54258,63106,76359,79099,78391,41897,34525,41935,0,0,72376,39535,41109,0,0
"Flowers In Forbidden City",0,0,0,0,0,0,0,0,0,0,0,0,0,2766625,194796,410599,0,491177,574487,922145,113604,60643,246820,150367
"FIFA Soccer",0,0,0,0,1557676,1411535,780292,268125,152630,148761,96559,116193,142257,114236,93407,93842,123567,179303,175175,115716,86928,85640,72166,73997
"The Continent of Wind",0,0,0,0,0,0,1930324,422890,585792,601103,507818,248120,213935,178723,233641,179237,110862,96158,98653,71422,46079,35290,0,0
"Craz3 Match",709020,613898,444335,181556,156283,147355,224284,221685,140199,245812,142675,202151,178293,165396,138287,142279,142528,177520,195197,204859,177675,136741,147871,149602
"Naruto Mobile",269197,249128,168519,147817,167390,149199,231007,158608,154235,173339,194374,168546,249564,177334,196140,224306,245526,287652,329646,310874,255804,241975,254979,293966
"I am MT 4",0,0,0,0,0,0,2222184,1617505,286829,193682,99975,76916,93726,75434,74147,54639,57969,45811,56900,49856,52463,36105,24460,0
"Clash Royale",346221,438121,234119,221890,201839,187094,242145,212474,185495,206860,180784,237741,173667,214158,139903,157580,158966,192148,287049,245697,168502,165604,140640,140821
"Clash of Clans",373430,537447,208850,170041,155169,193878,209214,191966,144928,176310,144503,174899,182238,160491,154205,189476,190904,247158,220663,221886,179443,160393,155469,218779
"Gardenscapes - New Acres",346247,480879,400797,242488,152042,133286,314968,300220,136106,131043,100139,140323,155950,203814,249981,241201,186699,152902,187559,158109,147666,94579,113393,101326
"Lords Mobile",261785,437259,222001,239997,317669,231509,336336,291449,167188,184790,157613,148216,184213,154903,120459,139653,217810,179398,148787,111122,111139,102215,67436,61479
"Onmyoji",324037,382234,196225,122651,133544,133156,226799,177131,130687,127383,115696,141984,181688,175760,168139,142667,180015,198605,209138,213529,194309,154471,143855,173455
"Meteor, Butterfly, Sword",0,0,0,0,0,0,0,2540290,337578,203283,466817,177640,257502,182779,168200,0,0,0,0,0,0,0,0,0
"Art of Conquest",0,261618,155439,162619,380024,332506,363657,471998,320113,276911,191579,226424,295616,195116,155782,128674,118620,86284,54887,54779,65947,0,0,0
"Hand tour of palace",0,0,0,0,623722,368370,378795,352113,318824,340847,198344,158528,159396,229540,131126,133888,126841,134859,175896,94147,111764,117396,68022,48289
"Rules of Survival",1514013,1368221,516299,309587,213901,190560,0,0,0,0,0,0,0,0,0,0,0,0,0,0,0,0,0,0
"Hearthstone: Heroes of Warcraft",299676,260439,229231,233842,127893,134457,198564,265169,132125,131563,123014,214244,156887,124539,157490,193218,136464,135867,147267,149006,159894,120521,148258,123164
"King of Kings",0,0,0,0,0,0,0,2437641,869904,173346,93493,121078,62768,45224,118385,41112,36309,25888,0,0,0,0,0,0
"Samurai Spirits",0,0,0,0,0,0,0,0,0,0,0,3033580,283428,162545,154760,62099,39719,0,52048,51843,75461,0,37432,0
"The Croods",0,0,0,0,0,0,0,0,0,0,0,0,0,1292311,1083105,408903,268291,286257,223072,206719,170972,0,0,0
"Sanguosha",0,0,0,0,0,0,0,0,213716,273423,210599,203803,222278,199936,230724,228888,269514,335076,357858,324310,346978,298852,223532,0
"JX 3",0,0,0,0,0,0,0,0,0,0,0,0,0,0,0,0,0,3149644,180141,77561,75008,84632,288567,61072
"Last Shelter: Survival",0,0,0,0,0,0,0,0,0,0,0,0,0,0,0,0,0,488872,597981,966733,558537,483631,408443,410474
"Idle Heroes",115328,199478,282901,207210,133242,116390,170894,226898,183241,163623,126482,146092,189058,315200,224994,206660,128293,100440,106049,83680,133051,146340,112085,84223
"Saint Seiya : Awakening",0,0,0,0,0,0,0,2632098,178461,106840,189620,74011,68965,52024,188612,66625,44678,27726,31189,54168,0,0,59028,23018
"Contra: Return",342282,331575,201569,200299,168835,184717,171998,139764,91000,102876,115013,111106,171427,145122,111104,114228,96806,255912,176540,155374,113827,83004,98272,96298
"Fights Break Spheres",0,0,0,0,0,0,0,0,1976142,838182,207208,148058,109391,69211,56186,49422,43477,0,0,0,0,73223,58188,42466
"Brutal Age: Horde Invasion",487661,367547,502105,342946,232309,130159,100066,52914,196192,593239,184896,124326,80321,63287,45331,52798,73040,25990,0,0,0,0,0,0
"Onmyoji Arena",1515684,482959,0,0,0,163982,221092,0,0,230377,0,0,248481,172342,0,175731,0,0,143422,123449,0,0,0,105728
"Fantasy Westward Journey",243307,198031,195963,137711,141719,168931,177886,156209,119623,163479,105581,142162,152621,133089,141108,137381,116003,120556,131174,151442,142636,127779,136207,130985
"Honkai Impact 3",215844,226591,145436,180588,122496,133171,163333,243860,130009,119048,152419,129868,152897,151230,182985,103047,98314,145317,162551,122384,110653,115529,90705,96871
"Angel Era",578932,458232,422063,331615,319121,221154,194206,290636,234832,112277,0,27503,36148,52477,48640,54578,41636,35196,0,0,0,0,0,0
"Arknights",0,0,0,0,0,0,0,0,0,0,0,0,0,0,0,0,1419695,602648,453726,267859,168780,130946,159020,106265
"Authorization of Mu",0,0,0,0,0,0,0,0,0,0,0,0,0,0,0,0,0,0,1092765,1105938,722430,338401,0,0
"Naruto OL",0,0,0,0,0,0,0,0,0,0,2307375,365733,179697,91922,140322,77783,59332,0,0,0,0,0,0,0
"Dragon Raja",0,0,0,0,0,0,0,0,0,0,0,0,0,0,0,0,0,0,1977541,497414,157548,157495,127915,152269
"My Own Swordsman",0,0,0,0,0,2265675,206957,142395,42029,93519,58205,67265,55037,36887,53625,26050,0,0,0,0,0,0,0,0
"The King of Fighters: Destiny",0,0,0,0,1797939,378640,211796,157266,139582,109146,78893,0,0,48501,0,0,0,0,0,0,0,0,0,0
"Shining Nikki",0,0,0,0,0,0,0,0,0,0,0,0,0,0,0,0,0,0,0,2160770,353743,164827,121845,101136
"Calabash Brothers",85147,171312,304570,179522,128127,133342,164091,210351,233653,239382,0,0,0,0,0,121335,160375,195071,181543,87811,0,49000,70874,39480
"Ace Force",0,0,0,0,0,0,0,0,0,0,0,0,0,0,0,0,0,0,0,2582398,0,0,0,0
"Jade Dynasty",72604,67539,154566,94768,196259,189038,164046,162802,34181,216105,112685,124732,134185,57242,74858,72312,55237,169669,68361,78423,41070,80701,79638,76170
"eFootball PES 2020",0,0,0,0,0,0,930809,137780,72375,102135,159031,103250,93370,92864,71149,77005,136390,80642,114522,62984,80384,74899,52436,134144
"Langrisser",0,0,0,0,0,0,0,1140429,440996,190800,131352,77691,116464,91319,42249,88179,68706,46929,71622,45698,0,0,0,0
"Ghost",127819,177108,100227,78911,77787,93659,125232,141311,70239,68674,52742,90959,99449,85235,76394,71409,175384,162697,224755,116978,95689,69960,57073,63859
"Asphalt 9: Legends",0,0,0,0,0,0,0,0,0,0,0,0,0,0,0,0,0,0,0,2480460,0,0,0,0
"MU Awakening",1725817,159678,137175,134001,169709,62650,0,0,0,0,35884,36515,0,0,0,0,0,0,0,0,0,0,0,0
"All Within The Boundaries",61960,57039,56278,42108,69678,51013,52257,73410,48755,83195,56621,68552,188207,152254,101500,75632,100214,239588,103891,95252,112634,218970,191751,158999
"Sangokushi Strategy",0,0,0,0,0,0,0,0,0,0,0,0,0,0,0,0,0,0,0,0,589077,769636,653003,427647
"The Demi-Gods and Semi-Devils Mobile",146780,118351,136767,114087,110399,113052,117069,93417,68916,72888,72012,95931,87822,70969,84880,89655,88789,68924,80879,106735,130384,100101,89281,69970
"Martial Universe",0,0,0,0,0,0,0,898240,1315983,0,0,0,0,0,0,0,0,0,0,0,0,0,0,0
"Archangel Sword H5",171881,80739,107907,130407,121557,47058,0,41203,0,0,0,0,0,0,0,175567,404906,288431,355317,0,275286,0,0,0
"Freedom Fantasy",0,0,0,0,0,0,1577110,160590,58086,47607,42983,89706,52061,72328,46658,27888,0,0,0,0,0,23872,0,0
"Crossing Void",0,0,0,0,0,0,0,2011890,67471,29185,25175,0,0,0,0,0,0,0,0,0,0,0,0,0
"Miracle Nikki",280537,323577,131299,104752,101609,113009,172778,161888,0,0,89031,0,104601,113642,0,0,133413,0,0,257088,0,0,0,0
"Two Three Kingdoms: Turn-based",0,0,0,0,0,255821,201685,166576,159542,197938,161436,110357,89337,83165,173926,181628,151768,0,0,59479,27648,25880,25406,0
"One Punch Man",0,0,0,0,0,0,0,0,0,0,0,0,0,0,0,0,0,888909,473912,248917,168432,94940,77481,0
"Westward Journey Online",64318,60340,61850,58796,82241,87238,80277,83459,68162,62349,84879,95980,85057,58683,53735,57917,125211,71602,106205,202912,104794,62301,64560,57932
"Legend of Xi Fei",371760,543027,246284,163162,105500,74055,94625,96434,37192,34439,24901,30083,49010,55623,0,0,0,0,0,0,0,0,0,0
"Lumia Saga",0,0,0,0,0,0,0,0,0,0,1432225,425033,0,0,0,0,0,0,0,0,0,0,0,0
"Inhuman Academy",0,0,0,0,0,1451945,401809,0,0,0,0,0,0,0,0,0,0,0,0,0,0,0,0,0
"Rasiel",0,0,0,0,0,0,0,0,0,0,0,0,0,0,0,0,0,1420567,310106,111325,0,0,0,0
"Fire Like the Song",0,0,0,372666,280980,130031,83866,49866,0,906300,0,0,0,0,0,0,0,0,0,0,0,0,0,0
"if time could stop at the moment when we first met",0,0,0,0,0,0,0,0,0,0,0,0,0,0,0,0,0,0,0,864152,503183,273595,121992,31148
"Cross Gate",0,0,0,0,0,1498919,163037,64475,0,0,0,0,0,0,0,0,0,0,0,0,0,0,0,0
"Glory of Cepheus",0,0,0,0,0,0,0,0,0,0,0,0,0,0,0,0,0,842277,119689,130553,304225,181180,127958,0
"The best NBA",160606,126327,86927,84080,128808,136587,109205,82523,52422,58629,49853,58829,61901,49451,44345,51266,58396,84858,81023,0,64552,70678,0,0
"New Xiaoao",0,0,0,0,0,0,0,0,0,0,0,0,0,0,0,0,0,0,0,0,0,0,0,1696105
"Cloud clothes and feather clothes",0,0,0,0,0,938005,509513,198444,0,0,0,0,0,0,0,0,0,0,0,0,0,0,0,0
"Punishing: Gray Raven",0,0,0,0,0,0,0,0,0,0,0,0,0,0,0,0,0,0,0,0,0,0,0,1643657
"NBA LIVE Mobile",0,342688,264587,223882,237624,308403,257329,0,0,0,0,0,0,0,0,0,0,0,0,0,0,0,0,0
"Soul Land New",0,0,0,0,0,0,0,0,0,0,0,0,0,0,0,222167,209565,0,0,118174,156032,333384,283802,267165
"SNK all star",0,0,0,0,0,0,0,0,0,0,0,0,0,0,639937,0,0,0,0,0,0,0,0,938040
"Call Me Emperor",0,495179,163940,207056,0,0,0,0,0,0,0,0,0,0,0,0,105134,115463,122115,116428,110885,73600,50698,0
"Thirty six strategies",0,0,0,0,0,0,0,540735,297699,271323,64322,56948,58147,53528,48453,46261,0,0,0,0,0,0,0,0
"MARVEL Future Fight",0,0,0,0,370942,189060,193865,138888,0,0,91106,60011,0,0,74417,0,230212,74249,0,0,0,0,0,0
"Shenwu 4",94285,73666,73400,48406,0,76993,70436,67612,59348,56254,52922,50476,54173,48208,53486,67725,62047,64976,57659,52005,51397,48554,36584,89933
"The story of the demon God",0,0,0,0,0,0,1279136,131115,0,0,0,0,0,0,0,0,0,0,0,0,0,0,0,0
"The game of power is coming",0,0,0,0,0,0,0,0,0,0,0,0,0,0,0,0,0,0,888165,80716,157172,49771,68275,137776
"Return of the Condor Heroes 2",0,0,0,0,0,0,0,0,0,0,0,0,0,0,0,0,0,0,438830,633689,122189,118350,25469,0
"Sword of Soul",0,0,0,0,0,0,0,0,0,0,0,0,0,0,0,0,0,0,0,0,0,0,841206,472135
"Junior Three Kingdoms 2",0,0,0,0,0,0,0,0,0,0,0,0,0,0,0,0,0,0,0,0,0,0,0,1299719
"Fantasy Westward Journey 3D",0,0,0,0,0,0,0,0,0,0,0,0,0,0,0,0,0,0,0,0,0,0,0,1291526
"Bleach: Memories of Nobody Fighting",0,0,0,0,0,0,0,635443,454153,142199,0,0,0,0,0,0,0,0,0,0,0,0,0,0
"Ghost language",0,0,0,0,225766,260281,153343,154356,0,0,0,0,0,0,0,431058,0,0,0,0,0,0,0,0
"The Legend of Sword and Fairy 4",0,0,0,0,0,0,0,0,0,0,1131027,55227,29571,0,0,0,0,0,0,0,0,0,0,0
"AskTao",63106,48869,58902,53518,50932,39852,47071,58452,59172,70299,59105,42781,41918,37118,42151,60865,49291,45526,37935,44329,63203,54783,44446,40088
"WeChat Dash",360527,455773,244633,151419,0,0,0,0,0,0,0,0,0,0,0,0,0,0,0,0,0,0,0,0
"Galaxy Battleship",0,0,0,0,0,0,0,0,239433,297898,153124,102968,0,118730,156313,133139,0,0,0,0,0,0,0,0
"Fallout Shelter Online",0,0,0,0,0,0,0,0,0,0,0,0,0,0,0,0,0,904947,291076,0,0,0,0,0
"Retro legend",0,0,0,0,0,0,0,0,0,0,0,0,0,0,0,352219,0,476207,356995,0,0,0,0,0
"ReEvolve",0,0,0,0,0,0,0,0,0,0,0,0,0,0,0,0,0,0,0,0,0,0,1019703,153267
"Runaway hero",0,0,0,0,0,0,0,0,0,0,0,0,0,0,0,0,0,0,0,0,532758,508449,131119,0
"Faith Framework",0,0,0,0,0,0,0,0,0,0,0,0,0,0,1158023,0,0,0,0,0,0,0,0,0
"We Fly",133227,130878,81006,51990,58415,40388,47831,48531,33364,37574,0,47593,47870,66983,65804,74832,57700,66016,66035,0,0,0,0,0
"League of Angels - Paradise Land",0,0,0,0,0,0,0,0,589507,209767,86756,59449,70738,68996,63180,0,0,0,0,0,0,0,0,0
"Tale of Wuxia",0,0,0,0,0,101003,150213,94213,185233,232751,169677,0,0,0,0,71026,0,139621,0,0,0,0,0,0
"Fate/Grand Order",104593,120433,63570,77974,39088,41055,0,67588,30190,46865,35075,59099,52202,45028,29785,26825,39784,29830,37997,37617,48605,33157,28923,35720
"Kingdom Craft",71241,75928,80750,75533,57834,44260,62159,48818,44680,42424,36305,59553,31996,31572,30311,25458,34850,29231,33713,40326,28922,23428,33678,60592
"Bleach: Memories of Nobody",0,0,0,0,0,0,0,0,0,0,885297,97199,75069,30936,0,0,0,0,0,0,0,0,0,0
"Dragon Ball Z",0,0,0,0,0,0,0,0,0,0,0,0,0,0,1086512,0,0,0,0,0,0,0,0,0
"Last Day on Earth: Survival",0,0,0,0,1074322,0,0,0,0,0,0,0,0,0,0,0,0,0,0,0,0,0,0,0
"Lost Decade",0,0,359704,339882,262532,67925,0,0,0,0,0,0,0,0,0,0,0,0,0,0,0,0,0,0
"Yin Yang master: Baiwen brand",0,0,0,0,0,0,0,0,0,0,0,0,0,0,0,0,0,0,0,0,0,0,0,1026001
"JX online",81518,54581,63394,68745,71641,62513,67367,60145,46196,32861,31430,35246,47236,0,27176,33541,26964,47554,0,37010,40412,30348,23683,35009
"QQ华夏",0,0,700084,206585,67516,0,0,39981,0,0,0,0,0,0,0,0,0,0,0,0,0,0,0,0
"Demon Seals",104208,99075,53596,42502,46333,59174,89405,69517,37614,50767,48461,55080,72602,29479,35011,37600,55645,26258,0,0,0,0,0,0
"Food story",0,0,0,0,0,0,0,0,0,0,0,0,0,0,0,0,0,0,0,0,661876,143559,109525,67267
"Dragon Ball: The Strongest Warrior",0,0,0,0,0,0,0,0,0,0,0,0,0,0,0,0,0,0,0,0,0,0,792172,152952
"The Soul of Hunter",0,143412,71581,336873,164302,67636,70331,0,0,0,0,0,81777,0,0,0,0,0,0,0,0,0,0,0
"Auto Chess:Origin",0,0,0,0,0,0,0,0,0,0,0,0,0,0,0,0,0,0,0,0,0,906479,0,0
"Fighter of the Destiny",401951,316461,62895,58359,44603,0,0,0,0,0,0,0,0,0,0,0,0,0,0,0,0,0,0,0
"Slum Dunk",0,0,0,0,0,0,0,0,0,0,0,0,0,0,0,0,0,0,0,0,0,0,0,872353
"Lord Xue Ying",0,0,0,0,0,0,0,0,0,0,0,0,0,0,0,0,0,0,0,0,0,0,0,858415
"Idle Adventurers",0,0,0,0,0,0,0,0,0,0,0,0,0,0,0,0,0,0,0,0,0,456279,253535,142184
"Dragon Nest",73134,60229,77596,60191,59008,58083,56466,40741,34335,26867,25878,38495,30792,0,37663,36322,42646,49575,33256,0,0,0,0,0
"Master of the people 2",0,0,0,0,0,0,0,0,0,816488,24091,0,0,0,0,0,0,0,0,0,0,0,0,0
"Fairy Tail: Magic Guide",0,0,0,0,0,0,0,0,0,0,0,0,0,0,0,0,364981,416919,41834,0,0,0,0,0
"Total Warfare – Epic Kingdoms",69542,49041,49188,36365,63643,39306,60773,43233,41294,32838,27967,25326,32337,0,35569,25117,29280,29474,0,0,31326,40377,29349,23366
"Ultra Fighters",0,0,0,0,801634,0,0,0,0,0,0,0,0,0,0,0,0,0,0,0,0,0,0,0
"Fever Basketball",0,0,0,0,0,0,649300,145836,0,0,0,0,0,0,0,0,0,0,0,0,0,0,0,0
"Anecdotes of mountains and seas",0,0,0,0,0,431235,252993,106860,0,0,0,0,0,0,0,0,0,0,0,0,0,0,0,0
"hunter",0,0,0,0,0,0,0,0,0,0,0,0,0,0,0,0,0,0,0,0,0,0,0,787175
"Legendary World 3D",0,0,0,0,486160,288377,0,0,0,0,0,0,0,0,0,0,0,0,0,0,0,0,0,0
"Hot blooded sword",0,0,0,0,0,0,0,0,0,0,0,0,0,0,0,531874,206069,0,0,0,0,0,0,0
"Girl Cafe Gun",0,0,0,0,0,0,0,0,0,0,0,0,0,0,0,0,0,0,0,0,0,0,563038,170674
"Swordsman world 2",0,0,0,0,0,0,682688,0,39756,0,0,0,0,0,0,0,0,0,0,0,0,0,0,0
"Chang'an fantasy painting",0,0,0,0,0,0,0,0,0,0,0,0,0,0,0,0,0,0,0,0,0,449677,254089,0
"Battle girl",0,0,0,0,0,0,0,0,0,0,0,0,0,0,0,0,0,0,699238,0,0,0,0,0
"Reincarnation formula",0,0,0,499096,196134,0,0,0,0,0,0,0,0,0,0,0,0,0,0,0,0,0,0,0
"Qiyuan goddess",0,0,0,0,0,0,0,0,0,0,0,0,0,0,0,0,0,0,0,0,0,0,0,668739
"Wang Qihang",0,0,44856,46371,49245,39094,0,0,0,0,37560,0,45132,0,54472,42933,0,0,0,299725,0,0,0,0
"Dragon eight glory Edition",0,0,0,0,0,0,0,0,0,0,0,0,0,0,0,0,0,0,0,0,334108,121789,120393,75737
"King of Avalon: Dragon Warfare",77224,84899,58167,34015,0,0,0,0,0,0,0,0,38041,0,0,0,0,62275,33506,0,44695,56106,74240,78689
"Cloud dream four seasons song",0,0,0,0,0,0,0,0,0,0,0,0,0,0,0,0,519640,109505,0,0,0,0,0,0
"Xuan-Yuan Sword Mobile",0,0,0,0,0,0,0,0,0,0,0,0,0,0,0,0,0,0,0,0,0,461517,86705,76246
"Sword and reincarnation",0,0,0,0,0,0,0,0,0,0,0,0,0,0,0,0,0,615617,0,0,0,0,0,0
"Mobasaka Ultimate Football Club",0,0,0,0,0,0,0,0,557133,36758,0,0,0,0,0,0,0,0,0,0,0,0,0,0
"Guns of Glory",0,176661,123679,117056,110734,0,65140,0,0,0,0,0,0,0,0,0,0,0,0,0,0,0,0,0
"Blue oath",0,0,0,0,0,0,0,0,0,0,0,0,0,0,0,0,0,0,592526,0,0,0,0,0
"Law of Creation 2",0,0,0,0,0,0,0,0,0,0,0,0,0,0,0,0,0,0,0,0,0,0,576395,0
"Stone Age M",0,0,0,0,0,0,0,0,0,0,0,0,0,0,0,0,0,0,354384,69657,66166,43118,42613,0
"My hero College: entrance season",0,0,0,0,0,0,0,0,0,0,0,0,0,0,0,0,0,0,0,0,0,574832,0,0
"Xuanyuan sword Online",0,0,0,0,0,0,0,0,0,560868,0,0,0,0,0,0,0,0,0,0,0,0,0,0
"Food Fantasy",316346,242877,0,0,0,0,0,0,0,0,0,0,0,0,0,0,0,0,0,0,0,0,0,0
"Soul Warrior",0,0,0,0,0,0,0,0,0,0,0,547103,0,0,0,0,0,0,0,0,0,0,0,0
"Flower and sword",0,0,0,0,0,0,0,0,0,0,0,0,0,0,0,0,0,0,0,0,0,0,438518,103592
"Sansheng Sanshi Shili peach blossom",0,0,0,0,0,0,0,0,0,0,0,0,0,0,0,0,503775,38068,0,0,0,0,0,0
"Audition Online",254374,283987,0,0,0,0,0,0,0,0,0,0,0,0,0,0,0,0,0,0,0,0,0,0
"The Land of Glory",89358,44726,67263,63386,57290,69542,86001,59406,0,0,0,0,0,0,0,0,0,0,0,0,0,0,0,0
"Storm land",0,0,0,0,0,0,0,0,0,0,0,527399,0,0,0,0,0,0,0,0,0,0,0,0
"Leader 2",0,71950,64789,60719,170704,132535,0,0,0,0,0,0,0,0,0,0,0,0,0,0,0,0,0,0
"Dragon ball fight",0,0,35405,0,0,0,0,61300,0,0,0,0,0,32128,35147,23340,104102,37915,46226,38490,0,28368,52374,0
"Fox Spirit Matchmaker",0,0,0,0,0,0,0,0,0,0,0,0,0,0,0,0,0,0,0,0,0,0,414503,62876
"Township",0,0,287731,188907,0,0,0,0,0,0,0,0,0,0,0,0,0,0,0,0,0,0,0,0
"M;M: Elemental Guardians",0,0,0,0,0,412357,0,0,0,0,0,0,0,0,0,0,0,0,0,0,0,0,0,0
"Dragon overlord",0,0,287636,77488,39981,0,0,0,0,0,0,0,0,0,0,0,0,0,0,0,0,0,0,0
"Legend of Xuanyuan",67086,60828,50489,54989,43745,48302,0,0,0,0,0,0,0,0,23011,0,26460,0,0,0,28385,0,0,0
"ZT Online 2",0,0,0,187368,0,0,0,0,0,0,0,0,0,0,0,55389,31754,31651,0,0,0,40922,52963,0
"Infinite Fighting",0,0,0,0,0,0,0,0,0,0,0,0,0,0,0,0,0,0,0,0,0,228561,163214,0
"Legend of blue moon",0,0,0,0,0,0,0,0,0,0,0,0,0,0,0,0,257906,36825,55816,0,38041,0,0,0
"Sangokushi Taisen",0,0,0,0,0,0,0,0,381601,0,0,0,0,0,0,0,0,0,0,0,0,0,0,0
"City of Forever 7 Days",115435,102833,162478,0,0,0,0,0,0,0,0,0,0,0,0,0,0,0,0,0,0,0,0,0
"Fishing battle (tuyou)",0,0,0,0,0,0,0,0,0,0,0,0,0,0,0,0,0,126146,127715,0,116731,0,0,0
"Momo Dancing",118203,152468,93536,0,0,0,0,0,0,0,0,0,0,0,0,0,0,0,0,0,0,0,0,0
"Fantasy project",0,0,0,354586,0,0,0,0,0,0,0,0,0,0,0,0,0,0,0,0,0,0,0,0
"Warring States annals",0,0,0,0,286765,66091,0,0,0,0,0,0,0,0,0,0,0,0,0,0,0,0,0,0
"My name is Mt world",230325,0,0,120578,0,0,0,0,0,0,0,0,0,0,0,0,0,0,0,0,0,0,0,0
"Age Of Magic",0,0,0,0,0,0,0,0,0,0,0,0,222484,125880,0,0,0,0,0,0,0,0,0,0
"Hero Kill",123693,113851,107014,0,0,0,0,0,0,0,0,0,0,0,0,0,0,0,0,0,0,0,0,0
"Summoners War",0,49167,56948,0,229794,0,0,0,0,0,0,0,0,0,0,0,0,0,0,0,0,0,0,0
"NBA篮球大师",0,0,0,0,0,0,0,136992,79175,0,0,0,0,0,0,58774,0,60262,0,0,0,0,0,0
"Closers M",0,0,0,0,0,0,0,0,0,0,0,0,0,0,0,0,0,0,326968,0,0,0,0,0
"My brave man",0,0,0,0,0,0,0,0,0,0,0,0,0,0,0,0,0,0,0,0,318776,0,0,0
"Zootopia Your Dream Diary",0,0,0,0,0,0,0,0,315939,0,0,0,0,0,0,0,0,0,0,0,0,0,0,0
"Junior Three Kingdoms",94787,60588,56127,40701,0,0,0,0,0,36305,0,0,0,0,0,0,0,0,0,0,0,0,0,0
"Win the Imperial City",0,0,0,0,0,0,0,0,0,0,0,288383,0,0,0,0,0,0,0,0,0,0,0,0
"Shanhaijing: official recommendation for catching the beast!",0,0,0,0,0,286587,0,0,0,0,0,0,0,0,0,0,0,0,0,0,0,0,0,0
"Shadowverse",0,0,0,0,286173,0,0,0,0,0,0,0,0,0,0,0,0,0,0,0,0,0,0,0
"Twinkling light",0,0,0,0,0,0,0,0,0,0,0,0,0,0,0,0,116553,0,166369,0,0,0,0,0
"The Epoch of Eternity",134003,55048,54343,36804,0,0,0,0,0,0,0,0,0,0,0,0,0,0,0,0,0,0,0,0
"CMM Champions Manager Mobasaka",80033,78231,50847,54559,0,0,0,0,0,0,0,0,0,0,0,0,0,0,0,0,0,0,0,0
"Fantasy Zhu Xian",44482,0,39931,38100,34025,0,0,0,0,0,0,0,0,0,0,0,0,25448,32648,0,27375,0,0,0
"Rebellious King Arthur",0,0,0,232894,0,0,0,0,0,0,0,0,0,0,0,0,0,0,0,0,0,0,0,0
"A journey to the West",0,0,50231,56770,59513,55754,0,0,0,0,0,0,0,0,0,0,0,0,0,0,0,0,0,0
"Sdorica -sunset",0,0,0,0,216218,0,0,0,0,0,0,0,0,0,0,0,0,0,0,0,0,0,0,0
"My mission",64221,50746,59572,36878,0,0,0,0,0,0,0,0,0,0,0,0,0,0,0,0,0,0,0,0
"Legend of the Three Kingdoms",0,50209,56605,66351,36748,0,0,0,0,0,0,0,0,0,0,0,0,0,0,0,0,0,0,0
"Dream of Three Kingdoms",0,0,0,0,0,0,0,0,0,0,0,0,0,0,0,0,0,0,0,0,0,185927,0,0
"Expeditionary hand tour",0,0,0,0,0,0,182929,0,0,0,0,0,0,0,0,0,0,0,0,0,0,0,0,0
"War and Order",0,0,0,0,0,0,0,0,0,94274,87885,0,0,0,0,0,0,0,0,0,0,0,0,0
"Sea King fishing",0,0,0,0,0,0,0,0,0,0,0,0,0,0,0,0,0,0,0,0,62303,0,61490,53689
"Ragnarok M : Eternal Love",0,53682,35616,0,0,0,0,0,0,0,0,0,0,0,0,86165,0,0,0,0,0,0,0,0
"We Fire",75386,98701,0,0,0,0,0,0,0,0,0,0,0,0,0,0,0,0,0,0,0,0,0,0
"Two wonders of ancient Swords",87988,85684,0,0,0,0,0,0,0,0,0,0,0,0,0,0,0,0,0,0,0,0,0,0
"Seven Knights",0,0,0,173460,0,0,0,0,0,0,0,0,0,0,0,0,0,0,0,0,0,0,0,0
"The magic night of Tang Dynasty",0,0,0,0,0,0,0,0,0,0,0,171686,0,0,0,0,0,0,0,0,0,0,0,0
"The dawn of dragon killing",0,0,0,0,0,0,0,134114,32893,0,0,0,0,0,0,0,0,0,0,0,0,0,0,0
"Allard's anger: Awakening",165410,0,0,0,0,0,0,0,0,0,0,0,0,0,0,0,0,0,0,0,0,0,0,0
"Taigu God King: Star soul Awakening",0,0,0,0,0,0,0,115562,49226,0,0,0,0,0,0,0,0,0,0,0,0,0,0,0
"RAID: Shadow Legends",0,0,0,0,0,0,0,0,0,0,0,0,0,0,158323,0,0,0,0,0,0,0,0,0
"The World of Legend",50142,0,49240,53903,0,0,0,0,0,0,0,0,0,0,0,0,0,0,0,0,0,0,0,0
"We Fight",69106,66093,0,0,0,0,0,0,0,0,0,0,0,0,0,0,0,0,0,0,0,0,0,0
"The King of Fighters' 98 Ultimate Match",56772,44281,32213,0,0,0,0,0,0,0,0,0,0,0,0,0,0,0,0,0,0,0,0,0
"Azur Lane",0,0,0,0,0,47582,0,0,0,0,0,0,0,0,0,0,24710,27763,0,0,27569,0,0,0
"Legendary mobile game version",76729,0,33491,0,0,0,0,0,0,0,0,0,0,0,0,0,0,0,0,0,0,0,0,0
"My dynasty",0,0,0,0,104298,0,0,0,0,0,0,0,0,0,0,0,0,0,0,0,0,0,0,0
"Thunder Fighter",92098,0,0,0,0,0,0,0,0,0,0,0,0,0,0,0,0,0,0,0,0,0,0,0
"Novoland the Castle in the Sky",87454,0,0,0,0,0,0,0,0,0,0,0,0,0,0,0,0,0,0,0,0,0,0,0
"The origin of mirage",0,0,0,0,0,0,0,0,0,0,0,0,0,0,85095,0,0,0,0,0,0,0,0,0
"OMG!Kingdoms! 2",0,0,0,0,77910,0,0,0,0,0,0,0,0,0,0,0,0,0,0,0,0,0,0,0
"MU Miracle",76958,0,0,0,0,0,0,0,0,0,0,0,0,0,0,0,0,0,0,0,0,0,0,0
"The road of a strong maritime King",0,0,0,0,0,0,0,0,33355,32614,0,0,0,0,0,0,0,0,0,0,0,0,0,0
"Last Empire-War Z",58702,0,0,0,0,0,0,0,0,0,0,0,0,0,0,0,0,0,0,0,0,0,0,0
"The return of the great sage",0,0,57215,0,0,0,0,0,0,0,0,0,0,0,0,0,0,0,0,0,0,0,0,0
"Master Yipin",46837,0,0,0,0,0,0,0,0,0,0,0,0,0,0,0,0,0,0,0,0,0,0,0
"Legend of sword and God of war",45033,0,0,0,0,0,0,0,0,0,0,0,0,0,0,0,0,0,0,0,0,0,0,0
"Girl's Frontline",0,0,0,0,41264,0,0,0,0,0,0,0,0,0,0,0,0,0,0,0,0,0,0,0
"Tianxia",0,0,0,0,0,0,0,0,0,0,0,0,0,0,0,0,0,0,0,40728,0,0,0,0
"Legend of Mir II",0,0,40036,0,0,0,0,0,0,0,0,0,0,0,0,0,0,0,0,0,0,0,0,0
"Top sesame official",0,0,37792,0,0,0,0,0,0,0,0,0,0,0,0,0,0,0,0,0,0,0,0,0
"Summoner of the Gods",0,0,0,35739,0,0,0,0,0,0,0,0,0,0,0,0,0,0,0,0,0,0,0,0
"The underground city pact",0,0,34326,0,0,0,0,0,0,0,0,0,0,0,0,0,0,0,0,0,0,0,0,0
"XunXian",0,0,33961,0,0,0,0,0,0,0,0,0,0,0,0,0,0,0,0,0,0,0,0,0
"Hand tour in Shumen",0,0,0,0,0,0,0,0,28499,0,0,0,0,0,0,0,0,0,0,0,0,0,0,0
"Battleship Commander",0,0,0,0,0,0,0,0,0,0,0,0,0,0,0,0,0,0,0,0,0,0,0,0
"Box Office Wonder",0,0,0,0,0,0,0,0,0,0,0,0,0,0,0,0,0,0,0,0,0,0,0,0
"Clash of Kings",0,0,0,0,0,0,0,0,0,0,0,0,0,0,0,0,0,0,0,0,0,0,0,0
"Dot Arena",0,0,0,0,0,0,0,0,0,0,0,0,0,0,0,0,0,0,0,0,0,0,0,0
"FIFA ONLINE 3 M",0,0,0,0,0,0,0,0,0,0,0,0,0,0,0,0,0,0,0,0,0,0,0,0
"Heroes of Might and Magic",0,0,0,0,0,0,0,0,0,0,0,0,0,0,0,0,0,0,0,0,0,0,0,0
"Heroes of Tang Dynasty",0,0,0,0,0,0,0,0,0,0,0,0,0,0,0,0,0,0,0,0,0,0,0,0
"Legend of the ancient world",0,0,0,0,0,0,0,0,0,0,0,0,0,0,0,0,0,0,0,0,0,0,0,0
"Legend of the past",0,0,0,0,0,0,0,0,0,0,0,0,0,0,0,0,0,0,0,0,0,0,0,0
"Legend of Yulong",0,0,0,0,0,0,0,0,0,0,0,0,0,0,0,0,0,0,0,0,0,0,0,0
"Micro end Legend - genuine Sand City abnormal PK legend hand tour",0,0,0,0,0,0,0,0,0,0,0,0,0,0,0,0,0,0,0,0,0,0,0,0
"MU: Origin",0,0,0,0,0,0,0,0,0,0,0,0,0,0,0,0,0,0,0,0,0,0,0,0
"Shin Sangokushi",0,0,0,0,0,0,0,0,0,0,0,0,0,0,0,0,0,0,0,0,0,0,0,0
"Stararc",0,0,0,0,0,0,0,0,0,0,0,0,0,0,0,0,0,0,0,0,0,0,0,0
"Sword dance of the wind",0,0,0,0,0,0,0,0,0,0,0,0,0,0,0,0,0,0,0,0,0,0,0,0
"The Greedy Cave 2",0,0,0,0,0,0,0,0,0,0,0,0,0,0,0,0,0,0,0,0,0,0,0,0
"Yulgang Mobile",0,0,0,0,0,0,0,0,0,0,0,0,0,0,0,0,0,0,0,0,0,0,0,0
"Zhengtu",0,0,0,0,0,0,0,0,0,0,0,0,0,0,0,0,0,0,0,0,0,0,0,0
