"game_name","2018/01","2018/02","2018/03","2018/04","2018/05","2018/06","2018/07","2018/08","2018/09","2018/10","2018/11","2018/12","2019/01","2019/02","2019/03","2019/04","2019/05","2019/06","2019/07","2019/08","2019/09","2019/10","2019/11","2019/12"
"Total",659367397,446016232,402493232,389840114,403179494,374130065,421882206,384548520,390803572,392823438,403215741,474235051,566704054,394860564,417644041,408374275,472285194,436481881,528377197,503085746,528006241,446284982,487162600,544096034
"Monster Strike",146277094,53782937,37985934,47238568,38466904,34364484,43499650,26336215,40210375,51470680,39324447,46738117,71154825,29871622,27539137,26794885,35202631,29023727,49408334,27423425,28314758,33851930,33557122,33841258
"Fate/Grand Order",106078437,54999530,36855611,30215744,30954455,31257508,39248620,50771124,30355680,23146387,21099072,41704361,75362078,34987154,41688998,37524718,25493662,22995400,44808884,46361038,26560037,17774831,27998634,24977197
"Knives Out",2170285,6225771,13919912,17849391,21905304,24221605,25096354,26482914,25163408,26887384,33457228,29829530,37485192,20771450,31010464,24528542,37793472,24352887,28013107,33415098,30669722,27292674,30060338,31274980
"Puzzle ; Dragons",37519101,23663257,20994511,14515927,23700667,14283447,10495560,15101457,14036922,11549411,29636204,27697555,32985297,31327017,26169592,27718740,25292617,26292031,32107255,23050187,15440332,19800150,15882970,20139720
"Dragon Ball Z Dokkan Battle",12252951,31316417,18450414,12406867,10380092,6132575,16051392,7133440,18662622,7730811,8736427,25534585,28588247,33196715,14463981,13476744,14699415,9342065,21681421,8008880,19328697,5257178,8824631,12283792
"Pokémon GO",8115768,7364008,11743672,7022302,9211121,8207947,8455461,7881112,10397578,11748121,11688045,11316985,11546467,10870034,10142884,14730107,10670048,9697594,12293255,17577452,24684295,16274457,13824861,15129755
"Professional Baseball Spirits A",7010892,6856522,5307241,4895680,6073218,6981885,7235335,5164312,4096107,10594270,8676225,10333305,16617272,10722347,8836770,7288097,14151612,12921024,16379161,14204800,12809477,16845721,22017742,18755278
"GranBlue Fantasy",19937077,11049844,14495974,7590765,10064127,7754644,5936477,10731914,4823730,8531112,4656170,14782148,17379175,8121571,14479938,15155287,13871998,11563917,9679037,14596464,5141401,5115272,7731185,8824118
"Jikkyou Pawafuru Puroyakyu",18108298,9216898,6107325,11229391,8391410,7922887,8170388,13709442,7448561,8441238,5422487,9547960,7361418,5846744,5976885,9199004,7849722,8133617,9858570,10371762,8306215,8937885,6658801,11273144
"THE IDOLM@STER Starlight Stage",19423630,9121004,8487588,5577234,10458861,5208557,8705808,4349642,17888162,4820468,8546712,6010342,10494814,4322168,5470812,4842087,8939558,6776917,11181581,5663760,17120267,5607182,10738561,4669101
"Disney Tsum Tsum",13669368,11901844,10021377,7793267,10896697,8501582,8581824,7124392,7460244,8422070,7853448,6385972,9770648,9858720,7743070,6632704,7621708,6465141,7587911,7157391,6811535,6859884,5325957,8933930
"BanG Dream",11432327,7601028,11028657,5963398,9011514,6662001,8865532,7764194,5917447,7236311,4724024,7313961,10533771,5197095,9486437,5390890,5704852,5739297,4775894,8649785,7406565,5925894,10541404,6132137
"Lineage 2 Revolution",15835171,9031498,10336852,11293937,12126132,7905040,6796207,6531294,5724358,7155921,5920968,6475714,5809375,4801012,4590887,5204272,4829910,4513832,4578522,5245674,5003175,3708931,4905847,4604082
"Sengoku Enbu KIZNA",11445534,5756122,9011575,9674280,6688520,7129574,10456280,6091257,6632324,7669742,6365914,6382637,7463395,4599974,6269584,6726940,5324387,4425655,6841511,4872007,5200064,4510805,4777625,4797762
"Colopl Rune Story",3606272,7768328,5674138,5387712,4716995,5622020,13620695,4905754,5976910,2974461,9549885,4667124,5329835,3044445,5757678,4180791,3972635,8637675,11541835,12182652,3112318,3678785,5151892,4522728
"Princess Connect! Re:Dive",0,4441740,8099297,5377492,3943368,3456024,5012520,3298807,2134640,3717942,3745144,2988395,4056380,4387040,3721944,5631588,6905234,8474027,13927225,8217254,12083254,9433870,6268080,8727931
"Dragon Quest of the Stars",11789051,5376791,3968495,2717541,8878090,3670055,4838908,4967942,2990670,5454891,4413517,6232542,9501801,2996044,4284580,4101822,11004680,5784542,3601587,5752831,2901475,8010368,4794692,4682304
"Mafia City",0,0,0,0,0,0,2170330,2475982,3486290,4936170,6218034,6377930,7272117,6466638,6603287,7202962,7853821,5884422,8255947,8598002,9798797,9781877,11658830,12546022
"Girls Chronicle",3802850,4295614,3541661,4192304,4469565,4356301,4223587,4044432,4382495,4169332,4037568,2400095,4818100,4130818,4514707,3672107,6047167,3861701,6292870,7573781,7363928,6941968,8754541,8452794
"Dragon Quest Walk",0,0,0,0,0,0,0,0,0,0,0,0,0,0,0,0,0,0,0,0,23186562,36493390,30690440,26241310
"PokoPoko",5092308,4432195,4498908,4895535,4692984,4177942,3935217,4264680,4632415,4842731,4509107,4129030,4620148,4025684,4305892,3840190,4894175,4824852,5300164,6210210,5482108,4598698,4871792,5212364
"eFootball PES 2020",2836451,2629895,2418767,2665212,3260841,8092351,8092458,5684294,4683650,4583008,5767002,5525135,4310551,7155032,5471994,3231542,7778271,4308318,2205192,2501788,0,0,6826387,9252644
"SINoALICE",3969317,4323074,3676900,4289584,3572364,7283432,4344804,4006847,3695795,4127658,4135492,4387981,3581497,2924391,3764790,3896032,3793254,7830607,5020712,4735788,6103801,3533997,4205888,4492112
"YO-KAI WATCH Wibble Wobble",3383860,4362012,2689917,3592227,3031197,2324471,2963981,3543492,4764210,4741364,6392772,4698858,5791485,4512590,3482957,3490042,4361470,3196194,4420000,4340100,4026008,2201334,4264762,2739841
"Romancing Saga Reuniverse",0,0,0,0,0,0,0,0,0,0,0,8428282,7143750,5478034,4566911,4559340,8424681,8786490,5681440,6893341,8551798,4587360,6022160,13084870
"Shadowverse",4405820,1504141,3795807,3844454,2049188,3961182,4340605,2140917,3757271,2871042,3298037,3270581,6348125,3163482,3061610,3219210,3698304,5924467,4033714,4185802,5828742,1736980,1978740,6766991
"THE IDOLM@STER Million Live! Theater Days",2961265,4201678,4332308,3174417,3430330,5407098,5133721,3646052,2401001,3940910,2892858,6007045,2931085,2358011,2661614,3122194,2450375,3664541,6544952,3365070,4669670,2930580,2617092,3719868
"One Piece Treasure Cruise",3008500,2339035,3263760,2086222,5990182,3010060,2500798,2857967,3105080,1850482,2456517,4298305,3113372,2540412,2522575,1601925,9236411,3197121,3700041,5323838,7472385,4026602,3564835,4287084
"Yu-Gi-Oh! Duel Links",4314385,2774967,2532071,3296374,3621834,2665821,2167542,2203664,3300921,4254797,4103180,2780345,4426278,3639245,3464802,3728134,6080387,3370791,3391551,3180811,5143477,3728137,4631278,3450252
"PUBG MOBILE",0,0,0,0,0,1648050,2737601,2831545,2246680,3260967,4125242,3765564,4087684,3737665,5810538,4299085,5597950,4914345,6483148,5509794,5342091,5332000,6021028,8469902
"DRAGON BALL LEGENDS",0,0,0,0,0,7938848,3914540,3004421,2659938,2670542,4713018,5375798,4068328,2549941,4778971,3154642,3287871,8305745,3828890,6772680,3795860,3973477,4647892,5678661
"Final Fantasy XV: A New Empire",7312252,5359935,4771971,4941768,4529254,4477505,4873678,3978675,4086861,3905080,4467252,3423220,3896255,3146782,3557655,2861052,3006340,2443332,1605015,0,1609257,1493735,1577402,0
"#Compass",3222315,3915511,2246668,2286928,4020132,1994772,2990910,2151231,3606744,2838347,2264158,4960985,2771197,3510060,2354042,2613987,5204928,2953235,4472842,3158104,2416981,3800804,2066128,9328168
"ONE PIECE Thousand Storm",2729204,3655815,2848422,3701562,3914998,3288015,3190552,2645272,3200724,2751638,2726110,2966047,2874112,1914671,2210550,3192907,3609278,2569728,3151971,3302485,3980744,2488371,2636367,3692098
"Fire Emblem Heroes",3417665,4644671,4318655,3383598,3293525,3625155,3865504,3597208,3165474,2870290,2471272,2418288,2895011,2383832,2465155,2305075,2748508,2429822,2601314,3924454,2559757,2130464,2825014,2590081
"The Seven Deadly Sins: Hikari to Yami no Grand Cross",0,0,0,0,0,0,0,0,0,0,0,0,0,0,0,0,0,14624838,15745674,10699494,7801174,8977407,7780802,6862855
"Dragon Quest Monsters Super Light",7861488,3575080,2915432,4238342,4158602,1917178,3267234,2705027,2121025,2773394,1929655,2272870,4373167,2269254,1689582,3712710,1678530,2181030,3796350,2903024,2683665,2825361,1710481,2846095
"Black Desert",0,0,0,0,0,0,0,0,0,0,0,0,0,1879434,14208554,8363572,9090691,7039201,7154825,6107475,6497155,4234894,3460294,3892617
"Magia Record",5805750,4168570,2853778,2168494,2555995,2170938,2193567,8316755,2872967,2236791,1922027,3363188,6932211,1978027,3415645,1369921,1069845,2741184,2576151,3533794,4991732,0,0,1760921
"Identity V",0,0,0,0,0,0,0,2024090,1931310,2156072,2132307,2295812,1989318,1886072,1774690,3041637,3880905,3774014,6236962,9529915,8635451,5253904,7647215,6023108
"Azur Lane",6604565,4441752,2441797,2229787,1994354,3474242,2490624,1855791,2989368,2034304,1498524,3098350,2185740,2339458,1227425,1836685,2972664,2872582,1609407,1988787,8699530,1895090,2858425,3959774
"Summoners War",3487218,2932825,2838464,3123681,2870735,3077722,3264642,2221000,2692760,2960960,2683920,3288804,2523841,2833024,2210324,2566550,2952258,3217881,2947547,3160125,3112085,2431008,2385930,3064557
"FINAL FANTASY BRAVE EXVIUS",6485332,5473274,3515197,3754845,3505595,1983351,3546544,3061765,1924037,2330795,3299102,3213565,2085544,1769341,2015538,1557594,2676805,1773567,1793502,2553474,1784847,3051958,2863870,1669165
"Ensemble Stars",4121622,2414664,2669701,3665034,4991402,3953251,2054862,2009811,2432451,2759138,3134858,2370895,2030551,1988318,3630027,3734212,6508614,3101528,0,1795994,3008060,1440427,1770215,2083627
"FINAL FANTASY Record Keeper",6305251,2908927,4033277,2688055,3077542,3212094,2563934,2523100,4308035,2626505,3038040,2300851,3066445,1688434,2386787,1964677,2196668,3004942,1782901,1552382,3209011,1559638,1807691,1817640
"A3!",5210320,3455017,3018654,3392871,2033732,4098525,2712884,1494514,1598634,3121865,1478764,2034142,3924908,2120214,1978354,2748958,2996717,2283942,2022962,2599958,2337828,2188565,0,2119641
"Love Live! School Idol Festival",4880030,3415212,4531067,5781205,3198254,2398302,2709900,2032595,2424908,2255525,2154961,2429491,2643247,1606415,2400497,4214508,2220475,2638087,2101345,2637220,2153524,0,0,0
"The Battle Cats",1625604,1075125,2254834,1534911,1763764,1374167,1566532,1604060,1692618,1755614,1997208,3249797,2835531,2725581,2099468,2363160,3044131,2625194,4348677,3332468,2234911,1718441,4960394,6399905
"Gardenscapes - New Acres",1773815,1695892,2112132,1880354,1742202,1692115,1732314,1650752,1778755,1960262,1618095,1829760,1694745,1781121,2227298,2630328,2863967,2897450,3303898,3775275,4363741,3180475,3584047,3711157
"The King of Fighters' 98 Ultimate Match",3751391,3304465,2954330,3218004,2755057,2562137,2962398,2439154,2367585,2568317,2326314,2532467,2213190,1752128,1813610,1898332,2075577,1780041,1774018,2295555,1859157,1408442,1705490,1719605
"Homescapes",0,0,0,0,1010417,0,0,0,1332278,1418104,1205832,1338512,1570305,2261838,3126730,3410992,3833457,3806082,4147444,5468342,6409472,5263388,4545182,4460851
"The World of Mystic Wiz",3580070,2149998,2782160,2861394,2113051,1038605,2078221,1740282,3029650,1249572,1228290,1674390,2472258,1625281,3436315,1547708,1886354,2315214,1348131,2103197,4394362,1471388,1558854,1352082
"Reverse Othellonia",3694935,3926410,2640300,3901484,3050220,2092512,1984475,1999298,2692441,1859350,1565202,1839082,2338798,2835890,2074415,1699964,2048108,1582290,0,1881691,2483305,0,0,0
"Shin Sangokushi",0,0,0,0,0,0,0,0,2814875,3591828,3674794,3361225,3611970,2936980,2818328,2971215,2941055,2754982,2833184,2720160,3126650,2531294,2543595,2870322
"King's Raid",0,0,0,2082484,2239507,2524770,3033247,2283002,2688655,2043697,4113590,3615437,2775107,2194321,2079327,1532084,1749607,1700797,2260284,1080101,1555610,1746811,1943667,2181198
"Empire of Warships",3074215,2497284,2082347,2575678,2353351,2048342,2144150,1977604,2138215,1932077,1729390,2131767,2117917,1911997,2095158,1932027,1889494,1638541,1651548,1403580,1635192,1214147,1507954,1645908
"Clash Royale",2720485,2466041,1645680,2393081,2181158,2146628,2205352,2305581,2528048,2253165,2127118,2318300,1614337,1789574,1468290,1508498,2059681,2265374,2713030,2354207,2074228,1783261,0,0
"Animal Crossing: Pocket Camp",1740005,1143132,1324045,1898900,1822407,1804161,1711818,1751931,1953097,1618862,1760758,1890061,1400300,1417202,1987997,1833060,1971391,2429790,2959268,3434837,2985182,1624187,2378008,1961570
"Captain Tsubasa: Dream Team",2283390,1649850,1596365,0,0,3718730,4385695,1577437,0,1712105,2042882,2433257,1594242,1733032,1518572,1318714,0,3862197,2125991,2254255,2069165,1600832,1610694,3214030
"LINE POP2",2154821,2138571,1939705,1916315,2014571,1774264,1817187,1710455,1958048,1891531,1814794,1776682,1871912,1573740,1618234,1612480,1722617,1824640,1744031,1687437,2108514,1642968,1692891,1719544
"Jikkyou Powerful Soccer",1710658,1724684,0,1444427,1515724,1871637,2146901,1544714,1289155,1478341,2360948,3369527,2378770,1488492,1591644,2012141,1663907,2181528,0,2593655,2742544,1717378,1754447,2971591
"Logres of Swords and Sorcery: Goddess of Ancient",3477454,2981184,2245222,2626742,1802827,2149441,1589221,2234744,2107361,1666488,2053944,3479895,2049850,1257571,1776131,1286591,1389694,0,0,0,2779214,0,2118001,2277678
"IDOLiSH 7",1852465,0,1653524,2063788,1968198,1302381,3593182,1870387,1397318,2113224,2389371,1922121,2556120,1379247,1655168,0,2100820,1740605,3394361,2357795,2932890,0,2036128,0
"LINE Bubble 2",1915414,1875517,1825301,1886105,1935690,1770242,1755910,1754415,1857761,1629690,1495345,1728510,1731690,1562000,1618358,1566678,1694808,1944092,1745090,1624681,1811151,1512725,1483902,1527967
"All Within The Boundaries",1780064,1799464,2227151,2094877,1881345,1953394,2003464,2035415,1692891,1807511,1773857,1975704,2089944,1481338,1419124,1798518,1494071,0,1711830,2502498,2103381,0,0,2453831
"Dragon Egg",1007440,1257111,1431231,1564118,1724672,1564240,2037120,1460718,1568297,1818362,1662291,1535382,1461720,1396664,1567128,1498000,1668587,1633141,1692187,2115328,2196195,1561871,1644971,2043675
"White Cat Tennis",3323270,2870442,2421811,3138570,2602525,2882165,3485035,3020291,2466040,2528290,1933945,2792515,2617584,0,0,0,0,0,0,2794808,0,0,0,0
"NOGIKOI",1506155,2244857,924108,1882142,1987817,1077024,1902177,1640274,1557932,1435692,1921861,2139658,1662241,1214474,0,1433257,1804241,1695975,1573904,1355935,1470211,1130135,1414605,1983128
"For Whom the Alchemist Exists",2916911,2368291,1510921,1433422,1948877,1405982,1604052,1171094,1891258,1399854,0,0,2208388,1747501,1574397,1393740,1612095,2708357,1634401,1419392,1518658,2089804,1286124,0
"Puyopuyo!!Quest",1724757,1544127,1987780,1612407,1582042,1258865,1298968,1386014,1511225,1394664,1092150,1356298,1318837,1555282,1797100,1118252,1663804,2144612,1455024,1736691,1356667,986155,2016587,1585195
"Another Eden",1749332,1309544,1893712,3312080,2040344,1704605,1595224,1327018,1063414,0,0,1815997,1799055,1261718,0,2709274,1957710,1734680,1819730,2276781,2017774,0,0,2348767
"DISSIDIA FINAL FANTASY OO",973314,1685050,2094032,1722624,1457638,1370630,1745500,1241414,1408650,1441787,1372705,1580468,924225,2094271,1646218,1401132,1464624,0,1713600,1327592,1497254,1326144,1845584,2342912
"Castle;Dragon",2259840,1568655,0,0,1401971,0,0,0,0,0,2147824,1905722,2193954,2385047,2308921,1873147,2310601,1839842,2234145,1921138,2427517,1572790,1906665,3173002
"The Continent of Wind",0,0,0,0,0,0,0,0,0,0,0,0,0,0,0,0,4127894,4328762,4441180,4660125,4924327,3247064,3937338,3579267
"XD unlimited",1120692,1015454,839275,933925,1014605,1166781,1576748,1447074,1145732,1450068,1631111,1608748,1114304,1025668,877042,1299674,1411514,1762108,2061688,1478844,1297417,2250314,1112564,1900975
"PES CARD COLLECTION",0,0,0,0,0,1596238,2348622,1768714,1736691,2069148,2152692,1668877,1610578,0,1504435,1765087,1606395,1839200,2193842,2019177,1875991,1773420,2045628,0
"Total Warfare – Epic Kingdoms",0,0,0,0,1376537,1297722,1798515,1471127,1716461,1835452,1705245,2361525,1669175,1643510,1536455,1539385,1700151,1637455,1774672,1467312,0,1306600,1464345,1819424
"Tales of The Rays",0,0,1813737,1400634,1641442,1522611,1756425,1473275,1425310,1443264,1237844,1803884,1501520,1351127,2752391,1352304,1674025,1445928,1526341,0,0,0,1692414,0
"Lords Mobile",0,1180178,0,0,1333195,0,0,0,0,2053155,1645217,1575011,1186284,1575832,1924445,1904314,1651885,1475612,1686025,1475671,1771915,1780928,2150465,2163621
"Honkai Impact 3",0,1691738,1255895,1405872,0,1386397,0,0,2633201,1254991,0,2653585,1462751,0,1472210,1284267,1929511,0,1741524,3311752,0,1883302,2477342,0
"Dragalia Lost",0,0,0,0,0,0,0,0,0,8039178,4779087,3078424,3180641,1371140,1475108,0,2495285,0,0,0,0,1522455,0,0
"Sakatsuku Road to theWorld",0,0,0,0,1265917,1548727,2119395,1575784,1391118,0,0,1553744,1288898,0,1161152,2013818,1763734,1460037,0,1514105,2725407,1339485,0,2198068
"Clash of Kings",2185205,2141391,1867274,1921202,1905291,1488965,1782641,1398544,1369888,1458835,1352548,1305000,1159734,1159598,1113354,1109264,0,0,0,0,0,0,0,0
"LifeAfter",0,0,0,0,0,0,0,0,0,0,0,0,0,0,0,0,2483741,2840220,2818725,2912365,3247602,2675665,3852818,3286070
"Phantom Of the Kill",1760604,1138938,932027,1107330,1632755,1114627,1388288,1043501,927325,1295578,1443942,1373101,1171827,0,0,0,1103648,1206724,1172307,0,0,1522434,1564977,0
"SUPER GUNDAM ROYALE",2320152,1305551,1345511,1655868,1363282,1051965,1593765,0,0,1385074,1355635,1539101,1712187,1077795,1055595,1242440,1260854,0,0,0,0,0,0,0
"Girl's Frontline",0,0,0,0,0,0,0,3939308,3295515,2574608,1612631,1685477,1456395,955030,1022985,1182110,0,0,1241957,1965388,0,0,0,0
"Ragnarok M : Eternal Love",0,0,0,0,0,0,0,0,0,0,0,0,0,0,0,0,0,2836781,4591128,3481935,3139255,2236192,1911265,2387298
"Be The King",0,0,0,0,0,0,0,1851105,2107355,2215244,1882558,1905127,1894012,1949900,1747584,1607557,1689830,0,0,0,1714314,0,0,0
"Toon Blast",0,0,0,0,0,0,0,0,1317235,0,0,0,0,0,0,0,0,0,1948454,2966298,3960095,3366062,3560175,3357581
"Langrisser",0,0,0,0,0,0,0,0,0,0,0,0,0,0,0,3727731,3366462,2455084,2480937,1990222,2035008,1262677,943552,1556801
"Valkyrie Connect",1556944,2033004,1666274,1597862,1451392,1730815,1346580,1334042,1712937,1185925,1207444,0,1619361,909920,0,0,0,0,0,0,0,0,0,0
"Touken Ranbu",1902491,0,0,1247034,0,0,1554671,0,0,0,1563181,1493001,1868641,2399521,0,1915280,0,1717454,0,1311095,0,0,0,2183690
"PES Collection",2065281,1060134,1297352,1480454,1300475,1425267,1813720,0,0,1173211,1111251,1362868,1373434,1024537,0,1247811,0,0,1310551,0,0,0,0,0
"Megiddo 72",0,0,0,0,0,0,0,0,0,0,0,1860545,1481325,1084110,1278205,1169867,0,0,2351164,1791695,1813921,1765055,1815718,2448538
"Sword Art Online Memory Defrag",1347880,1175400,1411345,1203262,1160870,1208820,1458458,0,1714375,1338862,1077052,0,1067132,1093492,1096157,1183062,0,1301481,0,0,0,0,0,0
"Utano Prince Sama Shining Live",1945692,1863822,0,0,1478531,1450448,0,1838864,2454898,0,0,0,0,0,0,1465165,1909367,0,0,2021664,2390845,0,0,0
"Matchington Mansion",0,0,0,0,0,0,0,0,0,0,0,0,1458994,1692882,1554221,1528791,1523088,1599402,1794440,1969410,2333218,1798612,1522611,0
"Disney Tsum Tsum Land",2014650,1904188,1261001,1570204,1485871,1268368,1353478,1584497,1676988,0,1648568,0,0,0,1252542,0,0,0,0,0,0,0,1712405,0
"Clash of Clans",0,0,1595702,1346527,1107278,2179244,1448381,1623020,1189888,1307508,1233925,0,0,0,0,1257154,0,1545277,0,0,0,0,0,2774040
"lovelive! School Idol Festival ALL STARS",0,0,0,0,0,0,0,0,0,0,0,0,0,0,0,0,0,0,0,0,2883008,6530347,5116944,3870127
"My Country",2351814,2403168,2098171,1729744,1711814,1561057,1793155,1350127,1720334,1674088,0,0,0,0,0,0,0,0,0,0,0,0,0,0
"JUMPTI Heroes",0,0,0,2032688,1846461,1237492,1302117,0,2148837,1727461,1282618,0,0,0,0,1468310,0,1603047,1720292,0,0,1272647,0,0
"Age of Three Kingdoms",1971590,1824144,1411540,1575878,1287511,1201031,1483454,1224992,1173752,1217438,0,0,0,1616925,0,0,0,0,0,1321830,0,0,0,0
"School Girl Strikers",1442155,818914,744872,1336654,1361447,618612,1094911,1138604,683810,591640,656837,880914,1056442,723347,0,793312,898195,0,1105168,928177,0,0,0,0
"Brown Dust",0,0,1657335,1951068,1753505,1482597,1301722,0,1050600,0,1303004,0,1025294,0,1521572,0,0,0,1213067,0,0,0,1474617,0
"Mario Kart Tour",0,0,0,0,0,0,0,0,0,0,0,0,0,0,0,0,0,0,0,0,0,7012312,4504562,3814024
"Kingdom Seven Flags",0,1472750,0,1570724,0,0,0,0,0,1587610,0,1512605,0,1301384,0,1760290,0,1677778,0,0,0,1978257,0,2231684
"Fall in love with NEWS",0,0,0,2585920,2079900,1603422,1775008,1274652,1343955,0,0,0,0,1231241,1273948,0,0,0,0,0,1463291,0,0,0
"Fishing station",1300057,1189735,1277151,1309385,1405802,918635,1016010,850595,850074,1021410,0,0,1050108,937007,0,0,1110267,0,0,0,0,0,0,0
"King of Avalon: Dragon Warfare",1832817,1460694,1673705,1681340,1751761,1556564,0,0,0,1440597,0,0,0,0,0,0,1305392,0,1446888,0,0,0,0,0
"Final Fantasy Brave Exvius War Of The Visions",0,0,0,0,0,0,0,0,0,0,0,0,0,0,0,0,0,0,0,0,0,0,5346908,8761784
"Boku ; Dragons",0,1639584,2172165,0,1982630,0,2004798,2016560,0,0,0,1871087,0,0,0,0,0,0,0,2196298,0,0,0,0
"Emperor And Beauties",0,0,0,0,0,0,0,0,0,0,0,0,0,647385,803760,972252,1056357,1062114,1180664,1196734,1737048,1367840,1608601,1878727
"Call of Duty: Mobile",0,0,0,0,0,0,0,0,0,0,0,0,0,0,0,0,0,0,0,0,0,5585848,4049432,3604522
"BLEACH Brave Souls",1912988,0,0,1488757,0,0,2201732,2233854,0,0,0,0,0,0,0,0,0,0,3220661,2061474,0,0,0,0
"MapleStory M",0,0,0,0,0,0,0,0,0,0,0,0,0,0,0,4567651,3622285,2089491,2440604,0,0,0,0,0
"Dx2 Shin Megami Tensei Liberation",1660730,1922164,1250588,1387115,0,1196284,0,0,1217727,0,0,0,1554538,0,1076034,0,0,0,1343111,0,0,0,0,0
"Brawl Stars",0,0,0,0,0,0,0,0,0,0,0,2894061,3565930,2594751,1956187,1440742,0,0,0,0,0,0,0,0
"Pokémon Masters",0,0,0,0,0,0,0,0,0,0,0,0,0,0,0,0,0,0,0,2674968,7992114,1318357,0,0
"Township",0,0,0,0,0,0,0,0,0,0,0,0,0,0,0,0,1336807,1349687,1477920,1508235,1898587,1369748,1535661,1422722
"THE KING OF FIGHTERS ALLSTAR",0,0,0,0,0,0,1085017,3017901,1740710,2134905,1069307,1623655,841502,0,0,0,0,0,0,0,0,0,0,0
"Hidden City: Mystery of Shadows",1650262,1559484,1774611,1757698,1697862,1526644,0,0,0,1455768,0,0,0,0,0,0,0,0,0,0,0,0,0,0
"DanMachi Memoria",983861,0,0,1127790,0,1504942,0,0,0,0,0,0,0,0,0,1339364,0,1392484,2084308,1595445,0,1224222,0,0
"STAR OCEAN",1736532,1045504,2003462,1494930,939421,1396891,0,1436971,0,984554,0,0,0,0,0,0,0,0,0,0,0,0,0,0
"Drift Spirits",1820587,1196271,0,0,1018278,1097200,0,0,0,1195721,1652188,0,1671835,976185,0,0,0,0,0,0,0,0,0,0
"Hisaka 46 Unis on air",0,0,0,0,0,0,0,0,0,0,0,0,0,0,0,0,0,0,0,0,0,4418635,2886047,3261964
"My country (Warring States period)",0,0,0,0,0,0,0,0,0,0,0,0,0,0,0,0,0,0,0,1856625,2383045,1577320,1953448,1889631
"GUNDAM BATTLE: GUNPLA WARFARE",0,0,0,0,0,0,0,0,0,0,0,0,0,0,0,0,0,0,0,4024198,2569044,1394137,1409192,0
"Unison League",1887510,1736484,1360692,1611634,1471541,1295724,0,0,0,0,0,0,0,0,0,0,0,0,0,0,0,0,0,0
"Alice Gear Aegis",0,0,1012255,0,0,0,836728,0,809851,0,997568,1015055,839794,1113067,0,0,0,1196662,1006628,0,0,0,0,0
"The Story of KEYAKIZAKA46",1610984,1208350,1183758,1370287,1767197,0,1523504,0,0,0,0,0,0,0,0,0,0,0,0,0,0,0,0,0
"Crane Game Toreba!",0,0,0,0,0,0,0,0,0,0,0,0,0,0,0,0,0,0,0,0,2560562,1925235,1951530,2181811
"The Idolmaster: SideM Live on St@ge!",0,1565785,1522921,0,0,1382728,0,2093197,0,0,0,0,0,0,0,0,1522524,0,0,0,0,0,0,0
"A Certain Magical Index A Certain Magical Index",0,0,0,0,0,0,0,0,0,0,0,0,0,0,0,0,0,0,3729144,2176801,2083237,0,0,0
"Last Cloudia",0,0,0,0,0,0,0,0,0,0,0,0,0,0,0,0,2234665,1646598,1674052,2283355,0,0,0,0
"TALION",0,0,0,0,0,0,0,0,0,2753551,3064857,2012791,0,0,0,0,0,0,0,0,0,0,0,0
"THE IDOLM@STER Shinycolors",0,0,0,0,0,0,0,0,0,0,0,0,0,0,0,2385200,1536257,0,0,0,0,1891712,0,2013737
"The successor of Beidou boxing comes again",0,0,0,0,0,0,0,0,0,0,0,0,0,0,0,0,0,0,0,0,2408502,1402115,1850154,2059952
"Dynasty Warriors: Unleashed",0,0,0,0,0,0,0,0,1623641,2427818,1674388,1757651,0,0,0,0,0,0,0,0,0,0,0,0
"Cryptract",1064350,1032331,1223564,0,0,1103925,0,0,0,0,0,0,0,0,1442492,0,0,1380011,0,0,0,0,0,0
"WORLD FLIPPER",0,0,0,0,0,0,0,0,0,0,0,0,0,0,0,0,0,0,0,0,0,0,0,7033997
"Pokopang Town",0,0,0,0,1780950,1573595,1254641,1000044,959547,0,0,0,0,0,0,0,0,0,0,0,0,0,0,0
"Revue Starlight Re LIVE",0,0,0,0,0,0,0,0,0,632664,2863880,1796532,1243488,0,0,0,0,0,0,0,0,0,0,0
"Alliance X Empire",0,0,0,0,0,0,0,0,0,0,2035388,2467708,1974368,0,0,0,0,0,0,0,0,0,0,0
"Super Robot Wars X-Ω",0,0,1178210,0,0,0,0,0,0,1149690,0,1026217,0,0,912970,0,0,1121188,0,0,0,1022730,0,0
"Epic Seven",0,0,0,0,0,0,0,0,0,0,0,0,0,0,0,0,0,0,0,0,0,0,3103468,3003782
"Dream kingdom and 100 princes in deep sleep",1157348,1079815,1475575,0,0,0,0,0,0,0,0,0,0,0,1014611,1225990,0,0,0,0,0,0,0,0
"Lineage M",0,0,0,0,0,0,0,0,0,0,0,0,0,0,0,0,0,1654832,1435688,1457954,1339375,0,0,0
"Mingol",1488720,0,1681917,1300188,0,0,1390770,0,0,0,0,0,0,0,0,0,0,0,0,0,0,0,0,0
"Arc The Lad R",0,0,0,0,0,0,0,1271660,2340704,1219657,984628,0,0,0,0,0,0,0,0,0,0,0,0,0
"Dragon Quest Rivals",0,0,0,0,0,0,0,1470272,0,0,1364452,0,0,0,0,0,2903662,0,0,0,0,0,0,0
"Nogizaka46 Rhythm Festival",0,0,0,0,0,0,0,0,0,0,0,0,0,1501114,0,0,2218075,0,0,0,2002248,0,0,0
"Chivalrous and arrogant",0,0,0,0,0,0,0,0,0,0,0,0,0,861918,1037840,1203511,1143822,1246374,0,0,0,0,0,0
"Utawarerumono Lost Flag",0,0,0,0,0,0,0,0,0,0,0,0,0,0,0,0,0,0,0,0,0,0,1541888,3838288
"OverHit",0,0,0,0,0,3451072,1895712,0,0,0,0,0,0,0,0,0,0,0,0,0,0,0,0,0
"DUEL MASTERS PLAY'S",0,0,0,0,0,0,0,0,0,0,0,0,0,0,0,0,0,0,0,0,0,0,0,5106227
"Hortensia Saga",1512615,0,1667138,0,0,0,1888664,0,0,0,0,0,0,0,0,0,0,0,0,0,0,0,0,0
"Destiny Child",1594445,1126258,1252544,1057350,0,0,0,0,0,0,0,0,0,0,0,0,0,0,0,0,0,0,0,0
"Sword Art Online Alicization Brading",0,0,0,0,0,0,0,0,0,0,0,0,0,0,0,0,0,0,0,0,0,0,1712381,3309121
"ONE PIECE Bounty Rush",0,0,0,0,0,0,0,0,0,0,0,0,0,0,0,0,0,0,0,2261045,2489075,0,0,0
"Blade Exroad",0,0,0,0,0,0,0,0,0,0,0,0,0,0,0,0,0,0,0,0,0,0,2610278,1888441
"Derby Stallion Masters",1637627,0,0,0,0,0,0,0,1302608,0,1534502,0,0,0,0,0,0,0,0,0,0,0,0,0
"Eki Memo Station Memories",0,0,0,0,0,1058992,0,0,0,0,967355,0,0,0,0,0,0,1368821,0,0,0,0,1027578,0
"Tales of Asteria",1043817,921517,917580,1470482,0,0,0,0,0,0,0,0,0,0,0,0,0,0,0,0,0,0,0,0
"Candy Crush Soda Saga",0,989718,1063251,1203158,1090780,0,0,0,0,0,0,0,0,0,0,0,0,0,0,0,0,0,0,0
"Archero",0,0,0,0,0,0,0,0,0,0,0,0,0,0,0,0,0,1961628,2201804,0,0,0,0,0
"Miracle Nikki",0,1247111,1231674,1649067,0,0,0,0,0,0,0,0,0,0,0,0,0,0,0,0,0,0,0,0
"Saint Seiya Cosmo Fantasy",1526708,0,0,0,1213474,0,0,0,0,0,0,0,0,0,0,0,1237311,0,0,0,0,0,0,0
"The devil's world",0,0,0,0,0,0,0,0,0,0,0,0,0,0,0,0,0,0,0,0,0,0,0,3962338
"Wild hope of overlord",0,0,0,0,0,0,0,0,0,0,0,0,0,0,0,0,0,0,0,0,0,0,1747702,2147240
"Blade ; Soul: Revolution",0,0,0,0,0,0,0,0,0,0,0,0,0,0,0,0,0,0,0,0,0,0,1846197,1969227
"FANTASY LIFE ONLINE",0,0,0,0,0,0,1272662,2442202,0,0,0,0,0,0,0,0,0,0,0,0,0,0,0,0
"Alternative Girls",836248,926430,778024,0,0,0,1142418,0,0,0,0,0,0,0,0,0,0,0,0,0,0,0,0,0
"Stand My Heroes",0,0,0,0,0,0,0,0,1200374,0,0,0,0,0,0,0,0,0,0,0,2344922,0,0,0
"Chain Chronicle",994401,862402,806504,879928,0,0,0,0,0,0,0,0,0,0,0,0,0,0,0,0,0,0,0,0
"Magatsu Wahrheit",0,0,0,0,0,0,0,0,0,0,0,0,0,0,0,0,2014282,1500825,0,0,0,0,0,0
"Kingdom Craft",0,0,0,0,0,0,0,0,0,0,0,0,0,0,0,0,0,0,1429224,0,1922980,0,0,0
"Rising beat, the new tennis prince",0,1800422,0,0,0,1474067,0,0,0,0,0,0,0,0,0,0,0,0,0,0,0,0,0,0
"Kingdom Ran -The Road to Unification of the World-",0,0,1758164,1390224,0,0,0,0,0,0,0,0,0,0,0,0,0,0,0,0,0,0,0,0
"Kirara Fantasia",0,0,0,0,0,0,0,899217,0,0,952471,1278757,0,0,0,0,0,0,0,0,0,0,0,0
"Dragon Quest Monsters Terry's Wonderland SP",0,0,0,0,0,0,0,0,0,0,3098165,0,0,0,0,0,0,0,0,0,0,0,0,0
"MASS FOR THE DEAD",0,0,0,0,0,0,0,0,0,0,0,0,0,1116275,1975248,0,0,0,0,0,0,0,0,0
"Grand Summoners",0,0,0,0,0,0,0,0,0,0,0,0,1356515,1632095,0,0,0,0,0,0,0,0,0,0
"Naruto Shinobi Collection",0,0,0,0,1345671,0,0,1592238,0,0,0,0,0,0,0,0,0,0,0,0,0,0,0,0
"Crystal of Re:union",0,0,0,1402334,1289622,0,0,0,0,0,0,0,0,0,0,0,0,0,0,0,0,0,0,0
"Black Knight and white Lord",1501032,1180845,0,0,0,0,0,0,0,0,0,0,0,0,0,0,0,0,0,0,0,0,0,0
"Becoming famous in China and the Warring States Period",0,0,0,0,0,0,0,0,0,0,0,0,0,0,0,0,0,0,0,0,0,1176280,1378764,0
"Super Robot Wars DD",0,0,0,0,0,0,0,0,0,0,0,0,0,0,0,0,0,0,0,0,1407328,1021255,0,0
"Gundam Wars",1114628,0,0,0,0,0,0,1279602,0,0,0,0,0,0,0,0,0,0,0,0,0,0,0,0
"Toji no Miko: Kizamishi Issen no Tomoshibi",0,0,0,1030311,0,0,0,0,0,0,0,0,0,0,1219850,0,0,0,0,0,0,0,0,0
"Summons Board",0,0,0,0,0,0,0,0,0,0,0,0,0,1138375,1057831,0,0,0,0,0,0,0,0,0
"Uta MACROSS SmartPhone De CULTURE",1114941,0,0,0,0,0,0,1013248,0,0,0,0,0,0,0,0,0,0,0,0,0,0,0,0
"Yu Yu Hakusho",0,0,0,0,0,0,0,0,2030945,0,0,0,0,0,0,0,0,0,0,0,0,0,0,0
"Digimon ReArise",0,0,0,0,0,0,1918991,0,0,0,0,0,0,0,0,0,0,0,0,0,0,0,0,0
"Last Idea",0,0,0,0,0,0,0,0,0,0,0,0,0,0,0,0,1892004,0,0,0,0,0,0,0
"The tiger of cycling",0,928595,956084,0,0,0,0,0,0,0,0,0,0,0,0,0,0,0,0,0,0,0,0,0
"The Magnificent Kotobuki",0,0,0,0,0,0,0,0,0,0,0,0,0,876712,1000450,0,0,0,0,0,0,0,0,0
"Mobile team",0,0,0,0,0,0,1188814,666871,0,0,0,0,0,0,0,0,0,0,0,0,0,0,0,0
"Sdorica -sunset",0,0,0,0,1819860,0,0,0,0,0,0,0,0,0,0,0,0,0,0,0,0,0,0,0
"Gang Road Joker",0,1808755,0,0,0,0,0,0,0,0,0,0,0,0,0,0,0,0,0,0,0,0,0,0
"Tianhua hundred Swords: Chop",0,0,0,0,822660,0,0,0,0,0,0,0,0,0,902235,0,0,0,0,0,0,0,0,0
"KINGDOM HEARTS Unchained χ",0,0,0,0,0,0,0,0,1614837,0,0,0,0,0,0,0,0,0,0,0,0,0,0,0
"SHINOBI MASTER -SENRAN KAGURA NEW LINK",0,0,0,0,0,0,0,0,0,0,0,0,0,0,0,0,0,0,0,0,0,0,0,1573118
"Terrier saga",0,0,0,0,0,1546118,0,0,0,0,0,0,0,0,0,0,0,0,0,0,0,0,0,0
"Atelier Online",0,0,0,0,0,0,0,0,0,1539451,0,0,0,0,0,0,0,0,0,0,0,0,0,0
"Grimmes Echoes",0,0,0,0,0,0,0,0,0,0,0,0,0,0,0,1522261,0,0,0,0,0,0,0,0
"Abyss Horizon",0,0,0,0,0,0,1476518,0,0,0,0,0,0,0,0,0,0,0,0,0,0,0,0,0
"Ikémen Sengoku: Romances Across Time",0,0,0,0,0,0,0,0,0,0,0,0,0,0,0,0,0,1462827,0,0,0,0,0,0
"CARAVAN STORIES",1450982,0,0,0,0,0,0,0,0,0,0,0,0,0,0,0,0,0,0,0,0,0,0,0
"Last Shelter: Survival",0,0,0,0,0,0,0,0,0,0,0,0,0,0,0,0,0,0,0,0,0,1414947,0,0
"Project Babel",0,0,0,0,0,0,0,0,0,0,0,0,0,0,0,0,0,1352710,0,0,0,0,0,0
"Everything in its right place",0,0,0,0,0,0,0,1337015,0,0,0,0,0,0,0,0,0,0,0,0,0,0,0,0
"Cinderella Nine in August",0,0,0,0,0,0,0,0,0,0,0,0,0,0,0,0,0,0,1326784,0,0,0,0,0
"Kai-ri-Sei Million Arthur",0,1325112,0,0,0,0,0,0,0,0,0,0,0,0,0,0,0,0,0,0,0,0,0,0
"Kotodaman",0,0,0,0,0,0,0,0,0,0,0,0,0,0,0,1322351,0,0,0,0,0,0,0,0
"Idola Phantasy Star Saga",0,0,0,0,0,0,0,0,0,0,0,1305148,0,0,0,0,0,0,0,0,0,0,0,0
"That Time I Got Reincarnated as a Slime",0,0,0,0,0,0,0,0,0,0,0,1304594,0,0,0,0,0,0,0,0,0,0,0,0
"Seven Knights",1290264,0,0,0,0,0,0,0,0,0,0,0,0,0,0,0,0,0,0,0,0,0,0,0
"Pocolon Dungeons",0,0,0,1283004,0,0,0,0,0,0,0,0,0,0,0,0,0,0,0,0,0,0,0,0
"Merck Storia",0,1260995,0,0,0,0,0,0,0,0,0,0,0,0,0,0,0,0,0,0,0,0,0,0
"Rulong Online",0,0,0,0,0,0,0,0,0,0,0,1245034,0,0,0,0,0,0,0,0,0,0,0,0
"Last Period",0,0,0,0,1198451,0,0,0,0,0,0,0,0,0,0,0,0,0,0,0,0,0,0,0
"MITRASPHERE",0,0,0,0,0,0,0,1197450,0,0,0,0,0,0,0,0,0,0,0,0,0,0,0,0
"Makai Wars",0,0,1179057,0,0,0,0,0,0,0,0,0,0,0,0,0,0,0,0,0,0,0,0,0
"Kinnikuman Muscle shot",1172964,0,0,0,0,0,0,0,0,0,0,0,0,0,0,0,0,0,0,0,0,0,0,0
"Soen No Kantai",0,0,0,0,0,0,0,0,0,0,0,0,0,0,1135997,0,0,0,0,0,0,0,0,0
"FINAL FANTASY EXPLORERS FORCE",0,0,1106881,0,0,0,0,0,0,0,0,0,0,0,0,0,0,0,0,0,0,0,0,0
"GOD EATER RESONANT OPS",0,0,0,1106380,0,0,0,0,0,0,0,0,0,0,0,0,0,0,0,0,0,0,0,0
"Call Me Emperor",0,0,0,0,0,0,0,0,0,0,0,0,0,0,0,0,0,0,0,0,0,1046194,0,0
"Mirage Memorial",0,0,0,0,0,0,0,0,0,0,0,0,0,0,1002090,0,0,0,0,0,0,0,0,0
"Kemono Friends 3",0,0,0,0,0,0,0,0,0,0,0,0,0,0,0,0,0,0,0,0,0,998100,0,0
