"game_name","2018/01","2018/02","2018/03","2018/04","2018/05","2018/06","2018/07","2018/08","2018/09","2018/10","2018/11","2018/12","2019/01","2019/02","2019/03","2019/04","2019/05","2019/06","2019/07","2019/08","2019/09","2019/10","2019/11","2019/12"
"Total",39797629,33138471,47767479,36052244,35889536,34365000,34992448,35297486,36265676,38857978,35548097,46317229,38468512,38534436,41042852,39877288,42144502,39436511,38491760,35905993,37255532,34802770,38354841,42817955
"Black Desert",0,1127438,18484837,6263124,5569837,4008788,4670168,3912971,4157052,2809097,1907344,3042135,3212091,2697161,2421974,2475077,2070162,1870490,1718401,1434107,1184902,849618,869724,946280
"Lineage 2 Revolution",4896102,3396632,3401490,3462594,3513598,2805880,3739082,3990341,3481167,3419130,3906220,3680397,2648768,2521702,2786665,3004857,3075391,3228118,3650727,2689511,2494765,2216335,2116587,1965128
"Lineage M",6815801,3203530,3160110,2620291,2525528,4287708,2671607,2251440,2266961,4778104,3643157,2139081,1795070,1697744,4491538,4171455,2877345,2423648,2952404,2710914,2723448,2929808,3306914,3333767
"Blade ; Soul: Revolution",0,0,0,0,0,0,0,0,0,0,0,11416835,5784674,5732324,5357354,4801080,4314004,3017515,2125292,1653000,1372117,1079470,1110022,1459491
"Everybody's Marble",2612214,2185578,1556218,1216582,1335200,1469564,1388770,1660958,2050948,2308390,1822302,1385908,1221970,1161870,1288590,1270721,1300962,1211954,1132521,983752,891001,574291,512894,547838
"FIFA ONLINE 4 M",0,0,0,0,0,0,560611,1342778,1491098,1530455,1519391,1318712,1832911,2605758,1827331,1472831,2877937,1907744,2258444,1580774,1566072,1166284,1340882,1442781
"Be The King",0,0,0,490115,222598,1077001,1341944,1779950,2143735,2611364,2757894,2521331,1868101,1511961,1194175,1484187,1087345,927104,869380,915341,895795,801744,871584,909652
"Brawl Stars",0,0,0,0,0,0,0,0,0,0,0,1708642,1609521,1788162,1543478,1541535,1681601,1006598,1386977,1109420,1146487,794170,725650,864655
"Seven Knights",1346597,1019695,1139442,1197688,867827,664652,756218,796768,876985,872884,881555,832057,684054,450730,750770,696288,437565,283928,463327,456691,409305,303068,334765,261482
"MapleStory M",424112,563252,491440,477054,408452,418094,659301,669034,608895,622772,375142,604901,514315,730448,662922,615161,683211,755045,897437,901731,1028541,781494,939865,959688
"PUBG MOBILE",0,0,0,0,171401,426467,615508,615805,554895,539314,816624,648607,748940,669487,885340,745928,832311,671725,801894,732068,698794,719925,857561,1041798
"Ragnarok M : Eternal Love",0,0,1869357,2740975,2172674,973290,749588,803824,573642,529634,467895,258382,399537,256000,219984,206192,147060,187612,166691,199855,329537,168481,126365,146512
"Rise of Dynasty: Three Kingdom",0,0,458351,1034561,1231155,1041511,824058,777738,874985,986182,836982,540228,550718,461227,544995,444082,357104,362948,355250,332050,373282,316520,232285,290278
"Full Count 2 KBO",184330,166487,279040,622665,638894,601267,541231,588200,683454,724821,618745,433138,287034,275477,495270,695677,754757,611060,470705,491898,470357,340987,277327,0
"Summoners War",422750,446888,402251,409908,490662,470795,457391,456955,513941,607432,474634,560298,392362,465825,461604,463070,617004,499370,354562,363114,280170,300345,400118,490082
"Cookie Run: OvenBreak",403262,299284,330085,273361,423184,545867,562935,396727,390595,525605,584584,408295,486022,461240,443174,322374,428770,471648,372825,372874,562245,521588,587762,600944
"Rise of Kingdoms",0,0,0,0,0,0,0,0,0,0,0,0,0,0,0,0,0,0,0,0,1963251,3060597,3009077,2515435
"MARVEL Future Fight",449271,395998,269927,349582,1192722,927064,607615,685087,396424,447591,433248,271365,281488,277987,303375,307522,783070,425737,412810,334814,297891,220067,195977,221437
"Lords Mobile",417638,385497,307164,307687,430814,278234,475120,305985,304310,422477,893158,625830,289515,574181,1868718,593724,312884,169302,169378,164540,207674,277138,255611,253478
"Clash Royale",986838,714858,444671,614894,503151,466132,419232,523462,584095,494897,488477,525475,290984,298791,255354,245275,292571,265430,311515,353392,228791,250940,265790,320557
"Honkai Impact 3",782547,638377,474532,260915,447242,308800,365590,274241,324198,298475,687278,273308,251057,401321,296868,262402,258202,152414,192470,471745,285524,438454,386405,347667
"Clash of Clans",305094,266917,261587,381221,243320,440340,303782,384348,265741,330728,367982,319482,228090,258002,220311,343327,370310,443990,399120,445882,321470,331760,380257,728401
"Epic Seven",0,0,0,0,0,0,0,0,1771001,1525887,777611,622850,402677,430870,430061,422358,382788,202474,105197,191528,202252,100894,162047,176032
"Fate/Grand Order",615024,613274,451271,367130,615347,408035,219195,569594,296450,210364,129232,428672,519198,186784,252945,183822,282727,115764,264551,336961,232637,153190,120332,277394
"Langrisser",0,0,0,0,0,0,0,0,0,0,0,0,0,0,0,0,0,2122104,1834397,1044674,948878,645300,563197,530700
"Call Me Emperor",0,0,0,0,0,0,0,0,0,0,0,225131,446490,517318,664064,698511,763175,560877,570340,557717,622634,648687,642201,687820
"Com2Us Pro Baseball 2018",355267,212681,244600,399150,367338,312607,369605,316628,301360,359108,337971,300154,306865,205548,240825,329242,246008,232012,265104,236665,364337,287952,165482,168858
"Friends Marble",1646148,781117,945592,677721,481394,229340,215025,137670,161875,141037,148544,209145,275258,217675,211358,171071,167554,0,0,0,0,0,0,0
"The Seven Deadly Sins: Hikari to Yami no Grand Cross",0,0,0,0,0,0,0,0,0,0,0,0,0,0,0,0,0,3037415,1051705,706078,560500,564308,452234,416524
"One Piece Treasure Cruise",440857,385532,447802,174352,366292,282501,303542,309638,506728,325435,321941,390122,235504,464642,248378,136754,335338,226012,114365,129917,188345,0,169685,204067
"THE KING OF FIGHTERS ALLSTAR",0,0,0,0,0,0,0,0,0,0,0,0,0,0,0,0,2340932,1122490,609717,753280,622900,295021,330938,407525
"The Continent of Wind",0,0,0,0,0,0,0,0,0,0,0,0,0,0,0,0,0,0,523615,1431582,1425067,1063102,1016240,964968
"King of Kings",0,0,0,0,0,0,0,0,0,0,734655,1078867,898510,797700,753027,506791,467922,326805,343294,219364,0,0,0,0
"We Bare Bears - The Puzzle",245037,403990,404348,394757,443351,362920,320064,372395,274125,295064,198177,208280,252525,237608,209682,199360,164158,144900,173135,169712,124662,151244,139275,159020
"Homescapes",225120,193811,204094,174297,190562,160134,157818,169265,121101,135961,110214,133811,164045,212540,289154,319957,306060,335175,374568,411637,385297,393502,376958,406184
"Archero",0,0,0,0,0,0,0,0,0,0,0,0,0,0,0,0,655054,1765131,936740,662855,488555,293932,356760,481315
"MU Awakening",0,0,0,0,0,1416475,858920,656300,348505,378408,219872,244244,154464,142344,196514,224992,134080,124358,118967,103867,83774,79500,73992,64904
"Girl's Frontline",808322,491350,348392,197365,655194,221245,195897,299617,160494,191972,98858,125632,128908,194714,122047,64312,290678,109741,214007,141338,120864,72677,111457,79592
"Lineage 2",0,0,0,0,0,0,0,0,0,0,0,0,0,0,0,0,0,0,0,0,0,0,761598,4476371
"Shin Sangokushi",0,0,0,0,354197,587458,558304,632591,599035,537811,426922,357821,355521,302292,266615,0,0,0,0,0,0,0,0,0
"Hearthstone: Heroes of Warcraft",199442,289814,194357,346667,208421,222098,233977,302564,171881,246690,151605,316042,132115,140974,153642,276212,219732,165760,99648,270368,172990,128751,143167,183551
"OverHit",1549802,824752,589948,457637,360002,327842,211665,165514,120661,65522,61665,51218,56991,0,0,0,0,0,0,0,0,0,0,0
"Guns of Glory",216685,235565,386252,324960,238642,254982,274322,243430,328180,246768,191265,234254,190457,171094,179261,177405,140752,103192,181991,91840,88101,118130,82140,105808
"Gardenscapes - New Acres",179002,150335,204322,182237,199437,190552,191230,169152,132648,144805,109712,136392,123392,146457,187988,225555,178314,169634,211037,220122,236192,222337,265331,309991
"Alliance X Empire",499560,536520,310450,278151,324050,199312,191562,140665,223590,302054,140745,112248,132902,123778,89578,90070,95310,81322,92985,80442,86695,108832,0,0
"FIFA ONLINE 3 M",1155961,866075,1103488,1026610,0,0,0,0,0,0,0,0,0,0,0,0,0,0,0,0,0,0,0,0
"Pokémon GO",110592,124351,143122,115460,128712,123180,160257,121838,160860,148530,127477,209584,233662,239221,239765,187290,166542,159088,178741,249594,272070,160871,146804,205954
"Last Shelter: Survival",0,0,0,0,0,0,72982,72310,83480,104521,123744,109347,137140,232941,279312,254112,171637,163484,240428,267041,334888,493538,468512,363724
"King's Raid",101985,111735,97337,109744,151262,250981,251225,197228,244184,178900,212645,244792,208470,214767,274058,142798,137695,146062,148581,90665,0,123807,148852,160317
"Dragon Blaze",102917,171904,103528,73155,0,0,118760,97757,286157,321681,222364,200548,184041,190577,163955,188280,129387,231378,109295,245530,174951,132185,236121,255737
"Traha",0,0,0,0,0,0,0,0,0,0,0,0,0,0,0,973811,781697,426462,387051,350910,255647,231618,168972,147922
"Princess Connect! Re:Dive",0,0,0,0,0,0,0,0,0,0,0,0,0,0,0,675522,685681,458631,320457,479687,324598,204644,348365,206907
"V4",0,0,0,0,0,0,0,0,0,0,0,0,0,0,0,0,0,0,0,0,0,0,1815344,1881352
"Mafia City",0,0,0,0,0,0,0,0,0,1062,199024,335602,407815,320892,340890,326690,268954,160140,198680,213262,217905,190950,270047,223055
"Miracle Nikki",396782,0,117268,108188,0,246774,307670,196031,264267,235064,159530,232468,195457,176114,163598,147157,0,124552,104701,0,156877,147600,0,163882
"Friends Popcorn",248881,229622,208474,219521,240164,202281,211611,202841,151701,157452,140614,139434,148625,117385,124517,122018,124097,95832,110742,92408,67664,83922,83661,84520
"Mobile Legends: Bang bang",114624,142575,112374,106012,117018,119940,0,106474,118110,112175,108034,129938,0,129410,190642,158367,144728,184394,201628,326605,250472,188528,238500,302305
"Crasher: Origin",0,0,0,0,0,0,0,0,0,0,0,0,0,0,0,0,0,0,0,0,356764,887254,1052220,1291618
"Nine Regions Youxia Legend",0,0,0,0,0,0,0,0,0,267085,444465,393261,592800,624897,459951,306487,178744,88338,93151,71901,41697,0,0,0
"Final Fantasy XV: A New Empire",349170,256880,262028,205552,236945,216241,212782,178722,201748,223685,213194,120200,135801,124558,125995,107268,89955,61808,31801,0,0,0,0,0
"BTS WORLD",0,0,0,0,0,0,0,0,0,0,0,0,0,0,0,0,0,329427,913924,665028,546030,289085,359227,230654
"Idle Heroes",278935,316582,165928,89211,112301,105950,0,0,0,0,0,0,0,97637,0,184122,162925,204961,199404,209882,208664,232141,267065,295917
"Moonlight Sculptor",0,0,0,0,0,0,0,0,0,0,0,0,0,0,0,0,0,0,0,0,0,1111251,997988,850637
"Dragon Ball Z Dokkan Battle",83451,94598,68184,128024,133175,0,242878,164142,234231,186435,185344,107052,145948,290615,98555,0,185447,0,279211,0,174897,0,0,131921
"Burning: Magical Sword",0,0,0,0,0,0,0,130571,847441,859700,504927,264922,318992,0,0,0,0,0,0,0,0,0,0,0
"Yulgang Mobile",582554,464728,369341,264035,252767,240951,167942,143204,185625,129054,0,0,0,0,0,0,0,0,0,0,0,0,0,0
"Eternal Light",0,0,0,0,656718,519072,413934,317771,230562,155178,99957,108421,0,0,0,0,0,0,0,0,0,0,0,0
"MLB 9 Innings 18",108490,0,0,128291,124597,92991,99234,0,0,134805,102274,0,100051,0,0,124014,97241,93178,230078,244195,212145,211405,229637,124951
"Pacheon: Those who become gods",0,0,0,0,0,0,0,0,0,0,0,0,0,0,0,146718,506394,244547,225247,281780,455371,237424,119237,66048
"Pop Friends",135627,121022,116842,116320,130397,120374,129541,126352,101817,92711,80264,85508,107048,92848,81955,82742,84175,72372,91222,90151,96601,87448,0,0
"Idle Adventurers",0,0,0,0,0,0,0,0,0,0,0,0,0,0,0,0,0,0,0,0,636095,724138,495051,327407
"Brown Dust",114714,101697,62161,95850,98375,76995,77658,101731,73522,70401,116362,68724,95412,98181,124441,140705,102507,0,0,222952,101832,113801,0,103177
"Onmyoji",361968,405152,236748,156484,162310,168497,285718,230427,150404,0,0,0,0,0,0,0,0,0,0,0,0,0,0,0
"Glory by U.LU",0,0,104110,181892,245390,190764,145547,126668,148250,196344,144370,176038,173852,153542,85295,62575,0,0,0,0,0,0,0,0
"Tera M",866322,492742,248587,229642,172941,120618,0,0,0,0,0,0,0,0,0,0,0,0,0,0,0,0,0,0
"Anipang3 for Kakao",152792,129461,123087,106170,128931,99894,104597,93497,85298,83341,64954,67134,74824,76001,94887,71644,71667,77768,73121,79595,74362,64830,59414,58154
"Grand Chase",0,709130,469680,251742,211005,133171,142880,101205,0,0,0,0,0,61842,0,0,0,0,0,0,0,0,0,0
"LYN: The Lightbringer",0,0,0,0,0,0,0,0,0,0,0,0,0,0,952852,520085,260587,125711,60558,138367,0,0,0,0
"Over Ocean: The Great Voyage",343804,213787,174424,136355,170090,139230,111425,93050,79430,101090,71877,69444,73388,75605,73432,57218,71951,0,0,0,0,0,0,0
"Rohan M",0,0,0,0,0,0,0,0,0,0,0,0,0,0,0,0,0,0,909880,517070,291342,153455,142795,32594
"Candy Crush Saga",60447,63487,72344,70040,85732,73248,70475,66082,67270,78647,69671,74355,90694,90584,94602,89655,89470,86534,107902,113388,94627,93145,99867,107918
"JX online",345454,320261,224962,168695,181712,170444,166074,154528,116582,156364,0,0,0,0,0,0,0,0,0,0,0,0,0,0
"The Epoch of Eternity",302020,238698,199517,164674,197572,135231,126497,120422,84478,90040,75475,62807,68978,76847,0,0,0,0,0,0,0,0,0,0
"Identity V",0,0,0,0,0,0,0,0,0,385067,244618,211282,168457,173781,0,179254,151070,0,161420,0,232260,0,0,0
"Love and Producer",0,0,0,0,0,0,340707,458900,325265,0,0,133875,116700,94828,0,110292,0,102647,107048,0,0,0,0,0
"TERA Classic",0,0,0,0,0,0,0,0,0,0,0,0,0,0,0,0,0,0,0,684221,506161,285294,176730,136984
"Dark Eden M",0,0,0,0,0,0,0,0,0,0,0,675640,335657,185740,245485,164127,93791,87261,0,0,0,0,0,0
"My Country",189401,236910,217195,198611,199154,161291,112858,89425,79607,80520,55067,38430,37501,41101,19138,0,0,0,0,0,0,0,0,0
"Bleach: Memories of Nobody",0,0,0,0,0,0,0,0,0,0,0,0,0,0,0,0,301991,353584,270770,254397,234237,156548,158888,0
"MU: Origin",231874,325905,236514,170631,142305,136971,124244,119054,104421,112227,0,0,0,0,0,0,0,0,0,0,0,0,0,0
"City of Forever 7 Days",0,0,0,0,0,0,496107,156455,55097,0,0,0,0,0,0,0,0,0,0,186564,230015,243137,204081,122415
"Monster Taming",115620,113171,92888,81760,106831,74601,101131,88611,113565,100421,74597,58770,62702,75941,77957,82214,0,92560,73715,105744,0,0,0,0
"BanG Dream",0,126135,111508,0,0,125325,100374,0,0,0,110104,0,0,126664,0,0,155661,279355,165551,195327,0,0,174091,0
"Crusaders Quest",157604,0,0,76072,0,0,0,0,0,176355,68162,95627,225638,94442,111101,80845,99578,217768,98044,0,0,0,0,156417
"Friends Racing",0,0,0,0,0,0,0,0,0,0,557698,379328,317907,241090,151680,0,0,0,0,0,0,0,0,0
"Friends Town",0,0,0,0,0,0,0,0,0,0,0,0,0,0,0,0,331408,237225,206815,192912,140581,168345,155578,142237
"Hand tour of palace",0,0,0,0,0,0,0,0,0,0,0,0,0,103654,193185,207427,195265,134635,218470,234492,146442,121140,0,0
"LifeAfter",0,0,0,0,0,0,0,0,0,0,0,0,0,0,0,187888,377004,232757,214118,154115,125384,90672,0,151510
"Royal Chaos",0,0,0,0,0,0,0,292641,254145,238218,184822,169235,177400,175738,0,0,0,0,0,0,0,0,0,0
"Sudda",0,0,0,0,0,0,0,0,0,0,0,0,0,0,0,0,0,0,0,178807,520164,330654,278245,166338
"Enquire from the gods",0,0,0,0,0,0,0,0,256744,443944,264784,121102,134557,80724,36918,0,0,0,0,120351,0,0,0,0
"The Battle Cats",0,0,0,0,47281,67048,63862,61074,57297,60778,0,0,75124,125784,158670,99975,98325,89285,193744,141640,110760,0,0,0
"Spirit Wish",0,0,0,0,0,0,0,0,0,0,0,0,785458,492557,168915,0,0,0,0,0,0,0,0,0
"Bleach: Memories of Nobody Fighting",0,0,0,0,0,0,0,0,0,0,0,0,0,0,0,708355,533657,197994,0,0,0,0,0,0
"Dragon Nest",0,0,0,588838,397218,195617,136134,113897,0,0,0,0,0,0,0,0,0,0,0,0,0,0,0,0
"Township",0,0,0,0,0,0,0,0,0,0,0,0,0,0,109751,104035,114564,110140,146247,174935,150051,133815,175305,154818
"Ensemble Stars",0,290708,321195,248148,155530,211182,120655,0,0,0,0,0,0,0,0,0,0,0,0,0,0,0,0,0
"Raven",94440,62471,65957,66794,68240,69401,65951,60784,60665,74670,62025,51235,38152,43567,0,80314,165837,66630,47400,31955,0,48607,0,0
"Hot Blood Kang Ho M",515564,403711,207652,109581,84334,0,0,0,0,0,0,0,0,0,0,0,0,0,0,0,0,0,0,0
"Icarus M",0,0,0,0,0,0,308625,570974,168938,78955,163322,0,0,0,0,0,0,0,0,0,0,0,0,0
"Eternity: the Origin of Fate",0,0,0,0,0,0,0,0,0,0,0,0,193960,477268,286815,102118,128464,87412,0,0,0,0,0,0
"Hangame Poker",0,0,0,0,0,0,0,0,0,0,0,0,0,0,0,0,0,0,0,82194,362415,332244,257265,216540
"Hundred Soul",0,0,0,0,0,0,0,0,0,0,0,0,231271,379850,243422,147377,135378,81518,0,0,0,0,0,0
"Poker by Neowiz",0,0,0,0,0,0,0,0,0,0,0,0,0,0,0,0,0,0,0,34572,264412,262612,349714,304157
"Empires ; Puzzles",0,0,0,0,0,0,0,0,0,0,0,0,0,0,0,0,60718,90004,134472,137467,216695,154525,176774,213165
"Battle Warship: Naval Empire",101450,112810,68381,106565,120105,94994,80891,84272,62618,60672,67431,57350,59907,46730,56767,0,0,0,0,0,0,0,0,0
"eFootball PES 2020",0,0,0,0,0,155287,133204,0,0,0,0,0,0,263395,0,0,0,0,0,0,0,0,264794,339684
"Candy Crush Soda Saga",137860,105108,101997,96602,121024,105611,106827,114947,71700,62635,0,59070,63290,0,0,0,0,0,0,0,0,0,0,0
"The King of Fighters' 98 Ultimate Match",157130,215790,174682,0,0,146201,162037,0,157847,0,130291,0,0,0,0,0,0,0,0,0,0,0,0,0
"Age of Z",0,0,0,0,0,0,0,0,0,0,0,0,0,0,0,0,0,0,70941,107111,122320,192257,297352,275748
"Open New World",0,0,0,0,0,0,0,0,0,0,0,0,0,0,72231,51935,31520,66211,109678,196581,223125,140421,77025,47758
"Durango: Wild Lands",248482,636277,128202,0,0,0,0,0,0,0,0,0,0,0,0,0,0,0,0,0,0,0,0,0
"Fever Basketball",0,0,0,0,0,0,0,0,0,0,0,0,0,0,155408,318534,271988,141638,121590,0,0,0,0,0
"Azur Lane",0,0,74517,318450,139432,90058,51720,61414,76328,45295,0,53122,32984,49222,0,0,0,0,0,0,0,0,0,0
"Fortress M",0,0,0,0,0,0,0,0,0,113921,185305,136110,178635,211438,163077,0,0,0,0,0,0,0,0,0
"Sdorica -sunset",0,0,0,171964,367785,115101,119865,113655,91071,0,0,0,0,0,0,0,0,0,0,0,0,0,0,0
"Yu-Gi-Oh! Duel Links",70705,0,0,0,86171,0,0,0,0,59032,0,0,98290,106865,101788,106500,106480,0,0,0,0,120260,114280,0
"Sangokushi Sousouden Online",100535,109355,110330,95510,82138,0,0,0,83887,81498,69265,72491,97700,0,67171,0,0,0,0,0,0,0,0,0
"The Kunlun Ruins",0,340027,353102,137251,94814,28752,15514,0,0,0,0,0,0,0,0,0,0,0,0,0,0,0,0,0
"Pro Baseball H2",135235,0,0,194922,0,131664,0,129181,118438,0,0,0,0,0,0,252292,0,0,0,0,0,0,0,0
"ARKA",0,0,0,0,0,0,0,0,0,0,0,0,0,0,0,0,142914,289934,218094,158138,89587,51125,0,0
"Destiny Child",68895,78470,68885,57152,76957,0,0,53701,53855,56935,57844,0,55804,0,0,0,0,0,0,75965,71340,0,71304,81058
"Zombie high school",39185,73284,76084,51222,45544,23327,30091,45428,30362,34987,0,32534,0,56492,36521,39742,64582,26028,0,0,71304,78984,0,40115
"Before Genesis",0,0,0,0,0,0,0,0,0,135891,251492,161334,122031,77962,104092,0,0,0,0,0,0,0,0,0
"MLB Perfect Inning Live",0,0,0,0,0,128110,0,0,120071,220085,218095,163482,0,0,0,0,0,0,0,0,0,0,0,0
"Boxing Star",0,0,0,0,0,0,0,0,0,652654,192824,0,0,0,0,0,0,0,0,0,0,0,0,0
"Z Day: Hearts of Heroes",0,0,0,0,0,0,0,0,0,85934,69622,93277,105755,66731,67238,70865,64691,56737,82602,37898,27195,0,0,0
"Friends Tower",0,0,0,0,0,0,0,0,309634,236440,147671,115671,0,0,0,0,0,0,0,0,0,0,0,0
"The Legend of Mir 2 Re",0,0,0,0,0,0,0,0,0,0,90161,167831,179285,92455,86165,41012,39518,31804,36007,37528,0,0,0,0
"Videogame Guardians",349528,258354,187040,0,0,0,0,0,0,0,0,0,0,0,0,0,0,0,0,0,0,0,0,0
"Exos Heroes",0,0,0,0,0,0,0,0,0,0,0,0,0,0,0,0,0,0,0,0,0,0,337895,442255
"Honour of Kings",197191,239214,110860,106928,0,125648,0,0,0,0,0,0,0,0,0,0,0,0,0,0,0,0,0,0
"King of Avalon: Dragon Warfare",150312,99350,106447,0,0,0,0,0,0,0,0,0,0,0,49424,39278,60704,37137,47432,48935,45920,40287,54412,0
"Taigu Fengmo record",0,0,0,0,0,0,0,0,0,0,0,0,0,0,0,0,204311,159744,159481,98772,50577,57147,23115,18858
"Dark Avenger 3",156257,154185,123930,148370,114201,59832,0,0,0,0,0,0,0,0,0,0,0,0,0,0,0,0,0,0
"Knights Chronicle",0,0,0,0,0,229428,248015,160552,115924,0,0,0,0,0,0,0,0,0,0,0,0,0,0,0
"Dragon Sky by Triple Double",0,0,0,0,0,0,0,0,231562,165454,87207,107787,0,147384,0,0,0,0,0,0,0,0,0,0
"Inside the Three Kingdoms",0,0,0,145337,171614,127144,84524,59312,0,0,0,0,0,0,0,142847,0,0,0,0,0,0,0,0
"Three Kingdoms Blade",98842,98437,74497,84670,81330,75247,60585,74130,69975,0,0,0,0,0,0,0,0,0,0,0,0,0,0,0
"Legend of Xi Fei",0,0,0,0,165775,180237,204744,159298,0,0,0,0,0,0,0,0,0,0,0,0,0,0,0,0
"Crazy Riches",0,0,0,0,0,0,0,0,0,0,0,0,0,0,0,84227,231468,197132,121510,69855,0,0,0,0
"Black world",0,0,0,0,0,0,0,0,0,0,0,121537,81768,108510,77400,84974,70905,33490,44125,46680,30428,0,0,0
"FriendsSCpuzzle",139270,138032,111920,108612,120585,80964,0,0,0,0,0,0,0,0,0,0,0,0,0,0,0,0,0,0
"Pmang New Matgo",0,0,0,0,0,0,0,0,0,0,0,0,0,0,0,0,0,0,0,30221,175312,183785,164061,134434
"Another Eden",0,0,0,0,0,0,0,0,0,0,0,0,0,266098,235684,181237,0,0,0,0,0,0,0,0
"Royal dice",0,0,0,0,0,0,0,0,0,0,0,0,0,0,0,0,0,0,0,0,0,0,230562,442855
"Final Heroes",368064,195110,90647,0,0,0,0,0,0,0,0,0,0,0,0,0,0,0,0,0,0,0,0,0
"EverBattle 2",256294,184377,92514,64520,47874,0,0,0,0,0,0,0,0,0,0,0,0,0,0,0,0,0,0,0
"Lost Decade",0,0,0,0,0,0,0,0,0,0,0,315735,167691,101410,59375,0,0,0,0,0,0,0,0,0
"CMM Champions Manager Mobasaka",0,0,0,0,0,130862,262940,218798,0,0,0,0,0,0,0,0,0,0,0,0,0,0,0,0
"Warship Saga 1942",110295,99177,84948,84608,49694,39705,41645,32821,36975,31590,0,0,0,0,0,0,0,0,0,0,0,0,0,0
"Millennial Jiae M",0,0,0,0,0,0,204597,208962,195221,0,0,0,0,0,0,0,0,0,0,0,0,0,0,0
"Free Style 2: Flying Dunk",250171,205340,139738,0,0,0,0,0,0,0,0,0,0,0,0,0,0,0,0,0,0,0,0,0
"Blade 2",0,0,0,0,0,0,262970,124467,74245,54080,77378,0,0,0,0,0,0,0,0,0,0,0,0,0
"Reach Rich",0,0,0,0,0,0,0,0,0,0,0,0,0,0,0,0,0,0,0,0,136132,169144,165380,115527
"Kaiser",0,0,0,0,0,400104,108951,39670,17264,10872,0,0,0,0,0,0,0,0,0,0,0,0,0,0
"Musou Glory",0,0,0,255637,236627,0,0,53098,0,0,0,0,0,0,0,0,0,0,0,0,0,0,0,0
"God of Highschool",114715,134418,94548,81187,0,119891,0,0,0,0,0,0,0,0,0,0,0,0,0,0,0,0,0,0
"Tower Defense Three Kingdoms",0,0,0,0,0,0,0,0,0,0,0,0,0,0,0,0,0,0,0,0,81825,127975,180231,150482
"Endless Frontier",169568,185464,174780,0,0,0,0,0,0,0,0,0,0,0,0,0,0,0,0,0,0,0,0,0
"Ghost language",0,0,0,0,0,0,0,0,0,0,50582,50081,28881,34387,63821,85831,51768,51540,47524,59387,0,0,0,0
"Call of Duty: Mobile",0,0,0,0,0,0,0,0,0,0,0,0,0,0,0,0,0,0,0,0,0,249781,140810,130532
"Super Evo Story",0,362947,146575,0,0,0,0,0,0,0,0,0,0,0,0,0,0,0,0,0,0,0,0,0
"Novoland the Castle in the Sky",0,0,0,0,0,103751,150947,143248,107645,0,0,0,0,0,0,0,0,0,0,0,0,0,0,0
"Three Kingdoms Live",131788,138887,126054,93342,0,0,0,0,0,0,0,0,0,0,0,0,0,0,0,0,0,0,0,0
"Awakening Of Dragon",0,0,0,0,0,0,0,0,0,0,0,0,0,0,0,0,0,0,0,0,0,230808,136382,121992
"Yokai Tamer",0,0,0,0,0,0,0,0,0,0,0,0,0,0,0,0,0,0,0,0,0,143894,210447,132671
"DX: War of the New Century",0,0,0,0,0,0,0,0,0,0,0,0,0,0,0,0,0,0,0,0,0,0,290962,180197
"I am MT 4",0,0,0,0,0,0,0,0,0,0,0,0,0,0,223648,170568,74557,0,0,0,0,0,0,0
"Fish Island 2018",0,0,0,0,0,0,0,222601,105007,71008,62247,0,0,0,0,0,0,0,0,0,0,0,0,0
"Fishing Strike",0,0,0,273871,177322,0,0,0,0,0,0,0,0,0,0,0,0,0,0,0,0,0,0,0
"RAID: Shadow Legends",0,0,0,0,0,0,0,0,0,0,0,0,0,0,191531,127215,0,0,0,0,0,0,0,130382
"Ghost",0,126115,94354,126508,93591,0,0,0,0,0,0,0,0,0,0,0,0,0,0,0,0,0,0,0
"TALION",0,0,0,0,0,0,0,0,0,0,0,0,0,0,0,0,0,0,200580,165127,56278,0,0,0
"Luna’s Fate",0,0,0,0,0,0,0,0,0,0,0,0,0,0,0,0,0,0,124380,152381,142297,0,0,0
"Angelic ministry",0,0,0,0,0,0,0,0,0,0,0,0,105392,122954,174891,0,0,0,0,0,0,0,0,0
"Dark Legend",0,0,0,0,0,0,0,0,0,0,0,103554,130695,91182,68407,0,0,0,0,0,0,0,0,0
"Asphalt 9: Legends",0,0,0,0,0,0,0,247038,123595,0,0,0,0,0,0,0,0,0,0,0,0,0,0,0
"Pirates of the Caribbean : Tides of War",35981,45588,55390,76712,82924,43982,28597,0,0,0,0,0,0,0,0,0,0,0,0,0,0,0,0,0
"Amor M(연인 모바일)",169727,1e+05,50955,18452,19291,0,0,0,0,0,0,0,0,0,0,0,0,0,0,0,0,0,0,0
"Toon Blast",0,0,0,0,0,0,0,111792,0,110578,0,135238,0,0,0,0,0,0,0,0,0,0,0,0
"Perfect World",0,0,0,0,0,0,0,0,0,0,0,0,0,0,0,0,0,0,0,0,0,0,192765,160992
"Clash of Kings",54728,59662,50695,41482,0,0,147157,0,0,0,0,0,0,0,0,0,0,0,0,0,0,0,0,0
"Sword and contract",0,0,0,0,0,0,0,0,0,0,0,0,0,0,0,0,0,0,0,0,180738,108202,39605,23174
"Pmang Sutda",0,0,0,0,0,0,0,0,0,0,0,0,0,0,0,0,0,0,0,0,188908,156705,0,0
"EVERYTOWN",55784,49548,53657,50151,59758,0,0,0,0,0,0,0,0,0,0,0,0,0,0,69897,0,0,0,0
"Lumia Saga",0,0,0,0,0,0,0,0,0,0,0,0,0,0,0,163340,109782,63378,0,0,0,0,0,0
"Hero Cantare",0,0,0,0,0,0,0,0,0,0,0,0,0,0,7880,103880,134360,77865,0,0,0,0,0,0
"ambition",0,0,0,0,0,0,139284,71884,45815,32495,20224,12487,0,0,0,0,0,0,0,0,0,0,0,0
"Professional baseball superstar",0,0,0,0,0,0,0,0,0,0,0,0,0,0,0,0,0,0,0,0,0,0,0,317504
"SIGNAL",0,210181,106201,0,0,0,0,0,0,0,0,0,0,0,0,0,0,0,0,0,0,0,0,0
"Eternal Battle",0,0,0,0,0,0,0,73590,87355,109507,44332,0,0,0,0,0,0,0,0,0,0,0,0,0
"FINAL FANTASY BRAVE EXVIUS",54754,0,0,0,77930,0,0,0,63567,54554,56048,0,0,0,0,0,0,0,0,0,0,0,0,0
"Everyone Legend of Heroes",0,0,0,0,0,0,0,179281,127318,0,0,0,0,0,0,0,0,0,0,0,0,0,0,0
"SuperStar BTS",0,303480,0,0,0,0,0,0,0,0,0,0,0,0,0,0,0,0,0,0,0,0,0,0
"WIND RUNNER Z",0,0,0,0,0,169448,129890,0,0,0,0,0,0,0,0,0,0,0,0,0,0,0,0,0
"King Of The Land",0,0,0,0,0,0,0,0,0,0,0,0,0,0,0,0,0,0,0,0,0,106910,104062,84141
"Com2uS Pro Baseball for Manager Season 3",0,0,0,113192,181055,0,0,0,0,0,0,0,0,0,0,0,0,0,0,0,0,0,0,0
"Angry Birds 2",0,0,0,0,107480,87250,94190,0,0,0,0,0,0,0,0,0,0,0,0,0,0,0,0,0
"Three Kingdoms: King Maker",0,0,0,0,0,0,0,0,0,0,90570,78351,76621,0,41021,0,0,0,0,0,0,0,0,0
"Anipang 2",35727,25991,32371,22681,18917,15300,15235,16644,11450,13962,10652,9037,10887,9425,7145,5304,5875,4122,5232,6732,0,0,0,0
"Hello Hero: Epic Battle",0,0,0,0,0,0,0,279157,0,0,0,0,0,0,0,0,0,0,0,0,0,0,0,0
"El Chronicle",0,76648,0,0,0,0,0,0,96204,103047,0,0,0,0,0,0,0,0,0,0,0,0,0,0
"Legend of Bluemoon",0,0,0,0,0,0,0,0,0,0,0,0,0,0,0,0,0,174805,89770,0,0,0,0,0
"Dragon Flight",47337,57270,44238,39855,39155,32574,0,0,0,0,0,0,0,0,0,0,0,0,0,0,0,0,0,0
"Cheonae New Book",0,0,0,0,0,0,0,0,0,0,0,0,87727,84100,54147,33590,0,0,0,0,0,0,0,0
"Ro: Idle Poring",0,161474,96871,0,0,0,0,0,0,0,0,0,0,0,0,0,0,0,0,0,0,0,0,0
"Game of failure",0,0,0,0,0,144218,108072,0,0,0,0,0,0,0,0,0,0,0,0,0,0,0,0,0
"DanMachi Memoria",0,0,0,0,0,0,0,0,0,0,179168,66874,0,0,0,0,0,0,0,0,0,0,0,0
"Cookie Wars",0,0,0,0,0,0,0,112900,128827,0,0,0,0,0,0,0,0,0,0,0,0,0,0,0
"Food Fantasy",0,0,0,0,0,0,0,241404,0,0,0,0,0,0,0,0,0,0,0,0,0,0,0,0
"Hot blooded sword",0,0,0,0,0,0,0,0,0,0,0,0,0,0,0,0,0,0,0,0,0,0,0,241395
"Iron Throne",0,0,0,0,135375,104128,0,0,0,0,0,0,0,0,0,0,0,0,0,0,0,0,0,0
"Harry Potter: Hogwarts Mystery",0,0,0,0,0,0,0,0,0,236227,0,0,0,0,0,0,0,0,0,0,0,0,0,0
"We Fire",141878,89754,0,0,0,0,0,0,0,0,0,0,0,0,0,0,0,0,0,0,0,0,0,0
"Royal Blood",230100,0,0,0,0,0,0,0,0,0,0,0,0,0,0,0,0,0,0,0,0,0,0,0
"Soul Ark",0,0,0,0,0,0,0,0,0,0,0,0,0,229928,0,0,0,0,0,0,0,0,0,0
"Ragnarok assaulted by Urachacha",0,0,0,0,0,0,0,0,0,0,0,0,0,0,0,0,0,0,0,0,0,228215,0,0
"Anipang Mahjong",32245,34074,42615,37125,44158,34934,0,0,0,0,0,0,0,0,0,0,0,0,0,0,0,0,0,0
"Pokémon Quest",0,0,0,0,0,0,222581,0,0,0,0,0,0,0,0,0,0,0,0,0,0,0,0,0
"Elune",0,0,0,0,0,0,0,0,0,0,0,0,0,0,0,0,0,0,134717,79875,0,0,0,0
"Master of the people 2",0,0,0,0,0,0,0,0,0,0,0,0,0,0,0,96734,115800,0,0,0,0,0,0,0
"Klondike Adventures",0,0,0,0,0,0,0,0,0,0,0,0,67951,73834,66138,0,0,0,0,0,0,0,0,0
"Angel Era",0,0,0,0,0,0,0,0,0,0,0,0,0,0,0,0,0,51128,76987,72865,0,0,0,0
"War and Order",194062,0,0,0,0,0,0,0,0,0,0,0,0,0,0,0,0,0,0,0,0,0,0,0
"The Fellowship of The Dragon",88111,97494,0,0,0,0,0,0,0,0,0,0,0,0,0,0,0,0,0,0,0,0,0,0
"The Soul of Hunter",0,0,0,0,0,0,0,0,0,0,183512,0,0,0,0,0,0,0,0,0,0,0,0,0
"The Rulers",69390,59321,50295,0,0,0,0,0,0,0,0,0,0,0,0,0,0,0,0,0,0,0,0,0
"Ark Road Awake",65225,54662,54378,0,0,0,0,0,0,0,0,0,0,0,0,0,0,0,0,0,0,0,0,0
"Special Soldier",64245,70232,34368,0,0,0,0,0,0,0,0,0,0,0,0,0,0,0,0,0,0,0,0,0
"Two Three Kingdoms: Turn-based",0,0,0,0,0,0,0,0,0,0,0,0,0,0,0,0,0,0,0,0,0,87015,80332,0
"Heroes of Might and Magic",0,0,0,0,0,0,0,0,0,68798,49415,38217,0,0,0,0,0,0,0,0,0,0,0,0
"Lookism",0,0,0,0,0,0,0,0,0,0,0,153891,0,0,0,0,0,0,0,0,0,0,0,0
"ROBLOX",0,0,0,0,0,0,0,0,0,0,0,0,0,0,0,0,0,0,0,0,0,41798,33284,76974
"Puzzle ; Dragons",0,0,82040,0,0,0,0,0,0,0,69184,0,0,0,0,0,0,0,0,0,0,0,0,0
"DRAGON BALL LEGENDS",0,0,0,0,0,0,0,0,0,0,0,0,0,0,0,0,0,139830,0,0,0,0,0,0
"Pokémon Masters",0,0,0,0,0,0,0,0,0,0,0,0,0,0,0,0,0,0,0,0,137178,0,0,0
"Saint Seiya : Awakening",0,0,0,0,0,0,0,0,0,0,0,0,0,0,0,0,0,0,0,0,0,0,136757,0
"HEIR OF LIGHT",0,0,0,0,0,0,0,0,0,0,0,0,0,0,135125,0,0,0,0,0,0,0,0,0
"Sword Kingdom",0,0,0,0,0,0,0,0,0,0,0,0,0,0,0,84162,48987,0,0,0,0,0,0,0
"Chain Strike",0,0,0,130634,0,0,0,0,0,0,0,0,0,0,0,0,0,0,0,0,0,0,0,0
"Defend the Castle: Tower Defense",0,0,0,0,0,0,0,0,0,0,0,0,0,0,0,0,129952,0,0,0,0,0,0,0
"Luna M",0,0,0,0,128151,0,0,0,0,0,0,0,0,0,0,0,0,0,0,0,0,0,0,0
"Fox",0,124132,0,0,0,0,0,0,0,0,0,0,0,0,0,0,0,0,0,0,0,0,0,0
"Sangokushi Taisen",0,0,0,0,0,0,0,0,0,69270,51321,0,0,0,0,0,0,0,0,0,0,0,0,0
"Engagement: the spirit comes again",0,0,0,0,0,0,0,0,0,0,0,0,0,0,0,0,0,0,0,0,0,0,118218,0
"Devil maker",0,0,0,0,115691,0,0,0,0,0,0,0,0,0,0,0,0,0,0,0,0,0,0,0
"Thirty six strategies",0,0,0,0,0,0,0,0,0,0,0,0,0,0,0,0,0,0,0,0,114601,0,0,0
"High Level Warrior: Idle",0,0,0,0,0,0,0,0,0,0,0,113537,0,0,0,0,0,0,0,0,0,0,0,0
"Ark command",0,0,0,0,0,0,0,0,0,0,0,0,0,0,0,0,0,0,0,74921,35892,0,0,0
"Sword dance of the wind",0,110601,0,0,0,0,0,0,0,0,0,0,0,0,0,0,0,0,0,0,0,0,0,0
"FIFA Soccer",0,0,0,0,0,0,0,0,0,0,0,0,0,107005,0,0,0,0,0,0,0,0,0,0
"Hundreds of thousands of red swords",0,0,0,0,0,0,0,0,0,2557,43211,50948,0,0,0,0,0,0,0,0,0,0,0,0
"Last Empire-War Z",90654,0,0,0,0,0,0,0,0,0,0,0,0,0,0,0,0,0,0,0,0,0,0,0
"Inhuman Academy",0,0,0,0,0,0,0,0,0,0,0,0,89464,0,0,0,0,0,0,0,0,0,0,0
"Club Audition",88930,0,0,0,0,0,0,0,0,0,0,0,0,0,0,0,0,0,0,0,0,0,0,0
"Noblesse M",0,0,0,86972,0,0,0,0,0,0,0,0,0,0,0,0,0,0,0,0,0,0,0,0
"Moonless God",0,0,0,0,0,0,86234,0,0,0,0,0,0,0,0,0,0,0,0,0,0,0,0,0
"Demon Seals",0,0,0,0,85844,0,0,0,0,0,0,0,0,0,0,0,0,0,0,0,0,0,0,0
"Dice remnant",0,0,0,83558,0,0,0,0,0,0,0,0,0,0,0,0,0,0,0,0,0,0,0,0
"Samurai Spirits",0,0,0,0,0,0,0,0,0,0,0,0,0,0,0,80545,0,0,0,0,0,0,0,0
"Snoopy: Spot the Difference",78164,0,0,0,0,0,0,0,0,0,0,0,0,0,0,0,0,0,0,0,0,0,0,0
"League of Angels - Paradise Land",0,0,0,0,0,0,0,0,0,76342,0,0,0,0,0,0,0,0,0,0,0,0,0,0
"Witch's Weapon",0,0,0,0,0,0,0,0,0,0,0,0,0,0,72495,0,0,0,0,0,0,0,0,0
"Fire Like the Song",0,0,0,0,0,0,0,0,0,0,58682,11155,0,0,0,0,0,0,0,0,0,0,0,0
"Mobile team",0,0,0,0,0,0,0,0,0,0,0,0,64920,0,0,0,0,0,0,0,0,0,0,0
"Yeokcheon: authentic historical drama",0,0,0,0,62834,0,0,0,0,0,0,0,0,0,0,0,0,0,0,0,0,0,0,0
"Racing Star M",0,55161,0,0,0,0,0,0,0,0,0,0,0,0,0,0,0,0,0,0,0,0,0,0
"Jurassic World: The Game",0,0,0,0,0,0,51124,0,0,0,0,0,0,0,0,0,0,0,0,0,0,0,0,0
"Sea Battle M",0,0,0,0,0,0,0,0,0,0,40997,0,0,0,0,0,0,0,0,0,0,0,0,0
"Golf Clash",0,0,0,0,0,0,38805,0,0,0,0,0,0,0,0,0,0,0,0,0,0,0,0,0
"Hegemony of Qin Empire",0,0,0,36908,0,0,0,0,0,0,0,0,0,0,0,0,0,0,0,0,0,0,0,0
"miracle",0,0,0,0,0,36262,0,0,0,0,0,0,0,0,0,0,0,0,0,0,0,0,0,0
"Soccer Spirits",0,0,0,0,0,29768,0,0,0,0,0,0,0,0,0,0,0,0,0,0,0,0,0,0
"Hand tour in Shumen",0,0,0,0,0,0,0,0,0,0,0,13135,16308,0,0,0,0,0,0,0,0,0,0,0
"Islands Mobile",0,0,0,21551,6897,0,0,0,0,0,0,0,0,0,0,0,0,0,0,0,0,0,0,0
"God Chronicle",0,0,0,0,0,0,0,0,0,0,0,0,0,0,0,0,0,0,0,0,0,26981,0,0
"Lignus Continental Electric",0,0,0,0,0,0,0,0,0,0,0,0,0,0,17594,0,0,0,0,0,0,0,0,0
"Fengyun 2",0,0,0,0,0,0,0,7940,0,0,0,0,0,0,0,0,0,0,0,0,0,0,0,0
"Expeditionary hand tour",0,0,0,0,0,0,0,0,0,0,0,0,0,0,0,0,0,0,0,0,3400,0,0,0
"Anipang Matgo",0,0,0,0,0,0,0,0,0,0,0,0,0,0,0,0,0,0,0,0,0,0,0,0
"Anipang Poker",0,0,0,0,0,0,0,0,0,0,0,0,0,0,0,0,0,0,0,0,0,0,0,0
"Cabal Mobile",0,0,0,0,0,0,0,0,0,0,0,0,0,0,0,0,0,0,0,0,0,0,0,0
"Cool",0,0,0,0,0,0,0,0,0,0,0,0,0,0,0,0,0,0,0,0,0,0,0,0
"EOS Red",0,0,0,0,0,0,0,0,0,0,0,0,0,0,0,0,0,0,0,0,0,0,0,0
"Hangame New Matgo",0,0,0,0,0,0,0,0,0,0,0,0,0,0,0,0,0,0,0,0,0,0,0,0
"Hit Zombie-Idle Zombie Shooter",0,0,0,0,0,0,0,0,0,0,0,0,0,0,0,0,0,0,0,0,0,0,0,0
"Legend of Mir II",0,0,0,0,0,0,0,0,0,0,0,0,0,0,0,0,0,0,0,0,0,0,0,0
"Miracle muol H5",0,0,0,0,0,0,0,0,0,0,0,0,0,0,0,0,0,0,0,0,0,0,0,0
"Mobasaka Ultimate Football Club",0,0,0,0,0,0,0,0,0,0,0,0,0,0,0,0,0,0,0,0,0,0,0,0
"Net stone Poker",0,0,0,0,0,0,0,0,0,0,0,0,0,0,0,0,0,0,0,0,0,0,0,0
"New Jianghu",0,0,0,0,0,0,0,0,0,0,0,0,0,0,0,0,0,0,0,0,0,0,0,0
"Peerless martial arts",0,0,0,0,0,0,0,0,0,0,0,0,0,0,0,0,0,0,0,0,0,0,0,0
"R0",0,0,0,0,0,0,0,0,0,0,0,0,0,0,0,0,0,0,0,0,0,0,0,0
"Sapphire Sphere",0,0,0,0,0,0,0,0,0,0,0,0,0,0,0,0,0,0,0,0,0,0,0,0
"Super Rich",0,0,0,0,0,0,0,0,0,0,0,0,0,0,0,0,0,0,0,0,0,0,0,0
"Swordmaster Story",0,0,0,0,0,0,0,0,0,0,0,0,0,0,0,0,0,0,0,0,0,0,0,0
"The origin of the last",0,0,0,0,0,0,0,0,0,0,0,0,0,0,0,0,0,0,0,0,0,0,0,0
"Twelve thousand M",0,0,0,0,0,0,0,0,0,0,0,0,0,0,0,0,0,0,0,0,0,0,0,0
