Month,Action Game,Action Real-Time MMORPG,AR+LBS,ARPG,Battle royale game,Business Elimination Game,MOBA,Pinball Game,Race Game,SLG,Slot machine gambling,Traditional Anipop,Turn-Based Card RPG,Idol Simulation Game
Jan 2018,62332539,156520219,16286746,24781158,11901157,27041521,114097326,151580863,69909815,131638238,83962822,121885426,299306417,51827351
Jan 2018,62332539,156520219,16286746,24781158,11901157,27041521,114097326,151580863,69909815,131638238,83962822,121885426,299306417,51827351
Jan 2018,62332539,156520219,16286746,24781158,11901157,27041521,114097326,151580863,69909815,131638238,83962822,121885426,299306417,51827351
Feb 2018,48734033,175430479,17123681,41195713,31988279,28164353,128704027,57637155,83487053,132986672,80999390,110701836,267439390,34358533
Mar 2018,40850419,223321553,25261781,40719312,53966662,35368861,112714282,41926542,81831919,169742792,94406876,124748823,213183916,37677123
Apr 2018,50929582,218164825,20309706,40500914,65748540,30678044,105809085,50982576,56341151,172036411,96103484,117665710,209128123,29866095
May 2018,57269276,211198120,21202143,46430154,69813875,31567081,110725762,42096053,40370595,165528056,95539694,117275063,195033769,36726352
June 2018,79202504,208706712,26668186,36574511,74711158,29675600,110402717,37777544,39173768,163481585,83406301,108154636,167838951,32199798
July 2018,78646367,268438004,31217470,44390881,80334628,32000336,117437059,47172451,44850076,144489403,88481813,108715766,203536166,33996918
Aug 2018,69381039,268695325,26995578,42735936,83180603,31638417,115177415,29976156,30993061,140386106,93206277,101466261,256928401,27099256
Sept 2018,59559730,266178450,31459829,34871796,76616235,34503139,111964070,43900663,27360554,140126967,92474740,101231305,219934400,36514819
Oct 2018,65779031,254253997,27675915,37002761,81045276,33348502,118131416,54934933,36902162,173989426,91506527,106003338,216043921,26880105
Nov 2018,60814050,203720954,29014568,47567133,86703361,29460145,103199185,42567055,25777728,180459485,92943612,102030673,189506640,28295532
Dec 2018,67234688,217444582,26666355,70146880,86996822,35227677,111147660,48748627,38499010,180764332,96950057,99752145,248057859,29884529
Jan 2019,68221539,207596260,25158561,60599893,89541728,37288843,121495972,73404694,50454878,213013158,94635675,109527096,303358115,36357984
Feb 2019,57436940,182313559,24142451,47430334,66350214,41154771,121469117,32088627,71661532,191158984,91808524,101126335,277230115,20599246
Mar 2019,52187394,275357083,22287016,41770125,85215537,48759857,97233061,29476637,44672462,208230108,97812611,110683785,226894441,27282909
Apr 2019,57367594,269301843,50364212,29962149,72905548,52189563,99883220,28637015,32462699,218926724,96486453,106651451,211662795,27903214
May 2019,63913925,232165958,48817843,29363429,163493606,52440222,104940751,37373609,33541957,203192574,105472295,110840392,227547088,38263295
June 2019,63165755,207363691,41785615,23425010,151707966,50353571,100383048,31466264,33269770,183306939,100248910,105748468,216560389,26553699
July 2019,63543592,213035029,36429678,35092292,163087132,51050464,114063443,51582490,82326824,175612759,99115612,97273001,242260999,31320445
Aug 2019,65076576,188958647,41111196,38388977,155744967,54651912,115370327,29293584,85601456,175666230,98028929,87290460,239289697,30114406
Sept 2019,58076923,170130411,72563813,22554579,143679472,58390403,91970076,30553385,52868455,172555380,102870732,84814581,234613079,47450935
Oct 2019,57444495,115974786,68741278,28273181,158538771,53935758,109490833,35849347,46298302,188364125,98478796,77862729,147268591,31222427
Nov 2019,62123518,133460150,54592326,20981280,143824375,50224523,113177320,36939132,23698879,172700631,98203784,76168312,180837652,36239709
Dec 2019,81063873,164078661,53436860,24190103,146448302,53107352,126409060,42821834,22121813,200999136,112479483,79929756,225602457,28100856
