"game_name","2018/01","2018/02","2018/03","2018/04","2018/05","2018/06","2018/07","2018/08","2018/09","2018/10","2018/11","2018/12","2019/01","2019/02","2019/03","2019/04","2019/05","2019/06","2019/07","2019/08","2019/09","2019/10","2019/11","2019/12"
"Total",42004633,47975974,40876926,46268844,49372369,50282782,50080700,52303357,51461092,49759416,45340172,47631073,52970131,57743304,59940184,55051243,49646503,51475649,47298686,51396873,59082051,49269467,56511976,52207424
"Lineage M",6017108,6541712,5888704,5942981,5887841,5268287,4452725,3499374,2987275,2298112,3560724,2285208,4092694,2743788,2436861,1966352,1176167,2776455,1916648,2685612,3492344,3017498,3910112,3608018
"Tower of Saviors",2101992,3870707,1796412,2594898,4584030,3482290,2462744,1781670,2775598,2412434,1953777,678591,4310990,5082850,2054327,2110792,2658308,1889060,2503085,1842905,2156858,2383397,1541331,2091055
"Honour of Kings",2481881,3215910,2159045,2289990,2276365,3177544,2009517,1848834,2034228,2919457,2352815,2454157,1885185,2184675,2286042,1649664,1858678,2008418,2432937,1725484,3050558,2113822,2327058,1813070
"QQ Speed",0,0,0,0,0,0,0,0,0,0,0,0,671014,5513704,7430305,3866684,5329288,3805020,2648647,2134255,2385417,1288455,958997,789337
"Ragnarok M : Eternal Love",2687540,2690888,2262047,2533641,2365674,2562551,2196695,2168570,1436278,1694705,1113031,1174135,1265245,878031,883375,778774,485648,658720,356477,468235,694342,764437,1095580,1677764
"Be The King",802728,1120821,1055050,1263440,1414401,898991,861145,885630,712622,928520,1063660,1076057,1077255,1240291,1386598,1277444,984815,1483385,1351977,1348367,1598240,963444,1184265,1296407
"AFK Arena",0,0,0,0,0,0,0,0,0,0,0,0,0,0,0,0,0,0,0,5427977,7478231,4465617,4771627,3762197
"Lineage 2 Revolution",2008175,1807385,1309357,1585145,1349848,1344552,1135452,932137,1065428,1210524,1430192,1396442,1321767,1137531,1173754,851080,510382,594510,450431,501991,662232,521765,534237,872802
"Rise of Kingdoms",0,0,0,0,0,0,0,0,0,0,0,0,0,0,0,2927677,3567835,3331032,2263095,1940982,2179484,1875632,3395291,1670741
"MapleStory M",0,0,0,0,0,0,1769190,6005427,2108708,968228,1097221,943001,981498,1114748,1000498,1078232,672164,573228,823898,937422,702900,596892,885267,608934
"Xin Stars",1082285,1189554,721165,970192,1070094,1546141,1204284,1082614,1059402,930251,831651,852502,949977,1099938,1224960,1018982,632194,734907,603728,558301,878727,671002,542472,670144
"Pokémon GO",754962,907264,897095,743344,737958,806765,1037257,757654,1116687,1038554,793824,1147931,901520,923338,987865,730252,544200,623307,562152,1033078,1480195,1062058,935620,850262
"Fate/Grand Order",573510,448630,827954,1179082,1304974,917364,899047,1656454,1033591,554874,407781,945917,639452,342408,896465,1160364,1024872,870897,798602,1198671,625452,234822,230092,230528
"0857online",706704,722590,606877,614764,715300,1128808,750961,747367,709342,723340,662175,718931,786792,911990,1028338,988720,762030,869320,845285,541337,789037,586281,611171,527514
"Black Desert",0,0,0,0,0,0,0,700281,4709511,3747240,1339265,1272881,966605,1046030,933270,699360,447998,417261,312664,273238,331710,217744,200680,156730
"Star 371-16 Mahjong",374248,487038,425581,402537,336535,409967,589800,566364,608037,764720,580534,642814,850798,1091071,1007650,965070,773881,1163912,900835,791291,1032031,906447,1003760,947255
"Candy Crush Saga",468811,471934,518972,549617,820892,634261,685534,685598,655434,740924,664408,731364,741001,765228,801318,747612,744952,830970,677802,644220,816927,657408,551017,490988
"The Continent of Wind",0,0,0,0,0,0,0,0,0,0,0,2507591,1843832,1262432,1589497,1218282,859121,1033952,729970,840592,772391,522232,595607,642567
"Shin Sangokushi",730652,904134,638148,750228,767407,841094,752364,964505,746680,683372,620047,526412,584148,728881,599241,493702,340832,212931,221242,386454,223838,206987,274032,180971
"Call Me Emperor",0,0,0,0,153552,376367,558742,660911,811987,737142,758432,769897,945227,947905,952285,943231,786961,887697,726430,580511,524762,93328,585374,564175
"Gamesofa Mahjong",428580,532205,527310,540502,492021,525124,609870,514961,460420,482331,477175,553248,623124,654960,625917,579404,639508,596752,522352,667434,694824,552888,498845,522301
"Lords Mobile",806108,779681,591000,675250,695745,1096022,968988,660505,724834,873101,740690,559141,477542,427808,524031,389872,403277,270384,501837,215518,217560,260597,188310,204998
"Princess Connect! Re:Dive",0,0,0,0,0,0,0,678735,920177,643577,523351,914821,587192,1188750,728587,950778,550421,876180,1024218,517117,658464,642055,1031888,748435
"Perfect World",0,0,0,0,0,0,0,0,0,0,0,0,0,0,0,0,0,455834,2812985,2516115,2119624,1245922,1162244,1029212
"One Lords and Seven Wives",0,112921,336328,384170,281205,381048,379351,431881,450090,471535,527658,636334,853415,642664,680621,603924,623475,452654,435347,365921,500622,80870,0,558637
"Langrisser",0,0,0,0,0,0,0,0,0,2118407,1230442,953607,877795,908075,788191,557797,311482,306150,230321,248987,401908,462080,340661,234682
"Honkai Impact 3",614181,863174,491065,389365,537185,662447,392454,433068,797902,261280,213677,368765,212798,403478,413481,291218,337278,179951,230910,553367,196870,215620,336070,249258
"Idle Heroes",185024,233207,250242,249411,266331,358961,283658,270672,299344,313977,376678,444472,560735,777198,582168,513588,293144,668254,383771,488688,411784,376707,482644,475735
"Love and Producer",0,0,0,0,0,0,0,0,0,0,0,486044,840202,888567,939900,765898,456598,856222,728602,637091,306854,557415,1092022,577741
"Ghost language",0,0,0,0,0,0,0,0,0,0,170457,1126608,1405081,1462585,1761617,1361114,698905,431887,212885,188591,155557,0,0,0
"LifeAfter",0,0,0,0,0,0,0,0,0,0,0,0,454318,1072965,1330848,1127360,824305,788307,509141,479267,551535,435015,638228,434372
"Mafia City",212402,290607,341735,314458,347104,348534,542045,418080,465782,531748,594621,0,0,0,315045,626514,389727,320420,316407,351604,390315,393167,444367,475484
"Golden luck Entertainment City",125127,154994,162791,162992,177552,162814,240851,227681,237610,341347,339702,421515,516601,466744,564338,488692,454184,440620,401240,424922,532260,495484,434275,422410
"Eternal Flame of Love",0,0,0,0,0,0,0,0,0,0,0,0,0,646560,1493810,1507132,1153767,1237870,663521,509638,437741,254130,218515,200090
"Knives Out",0,990027,892904,696270,577044,639238,632730,545612,518440,406207,436385,341467,360278,274485,292344,224241,239534,0,0,233878,0,0,0,0
"Let's Vegas Slots",216978,296794,244845,305362,244195,333554,337664,279691,259371,230898,273250,341334,520381,603228,473610,434174,359052,287461,271837,317367,283632,269024,238884,272471
"Summoners War",410337,371928,235795,225141,251642,287737,330051,278128,300950,273920,244535,366978,296045,344712,245908,294875,334647,355365,276680,340751,306934,319434,384208,465001
"Papa Three Kingdom 2",0,0,0,0,0,0,0,725550,1121855,848625,514011,592460,98707,0,338404,469324,461337,379458,337152,361168,296232,315537,243971,233731
"MLB 9 Innings 18",275125,215091,177505,363977,299371,319280,363454,277421,267518,369131,276095,277117,398040,290508,303512,468954,291480,206170,339981,246432,298237,436510,307215,236454
"Last Shelter: Survival",0,0,0,0,0,0,209682,218965,207335,288721,380275,435412,434542,552532,664658,616408,408378,320540,356135,397074,408750,441257,549977,366580
"Clash of Kings",478198,479068,411380,425674,592871,400705,389692,559085,317791,316655,246514,243245,285311,232630,256277,260061,175564,145127,138241,147641,141775,138648,108400,124345
"Identity V",0,0,0,0,0,0,553724,904957,685530,491284,415638,447764,458941,344824,213505,369381,377148,212578,277431,342005,329180,161594,253771,165618
"Clash Royale",274165,541767,235952,376011,294158,301391,275080,339612,335268,244394,289514,350957,261507,262352,185428,215967,224260,298112,217548,264965,214822,208495,179102,216811
"LINE Bubble 2",298242,303937,280950,282122,284157,304710,268400,313711,274028,236567,245532,282000,250678,276474,319142,275452,286922,298020,247188,245478,239962,228795,201688,241691
"ManganDahen Casino",214295,303672,252695,193518,198641,213852,279317,203422,248941,259257,400671,277627,298608,328491,397907,320217,296825,223224,242321,266904,209201,212774,201918,254995
"Legend of Xi Fei",391884,386781,296972,368734,312251,276328,330515,313172,270435,258300,250522,305201,292582,304938,284522,256222,211874,150880,165054,184224,132557,158170,138437,167282
"Onmyoji",239847,385870,332401,256671,258221,221428,238745,178348,188837,193740,188545,365982,199577,0,518022,0,297028,339432,201802,168561,322041,173605,389031,456577
"Dragon Nest",0,1530220,1322974,990168,693488,529201,437402,251522,0,0,0,0,0,0,0,0,0,0,0,0,0,0,0,0
"Contra: Return",0,0,0,0,0,0,0,949748,684602,598608,500387,478882,478181,332120,285465,188400,214145,172655,158837,140777,145447,187124,174735,0
"Archero",0,0,0,0,0,0,0,0,0,0,0,0,0,0,0,0,536004,1836641,937004,598394,549057,344412,381815,458638
"MARVEL Future Fight",204255,213288,176357,274648,409365,326190,293190,326920,223730,225490,265870,166035,198765,211641,216675,240248,453801,204854,193745,164790,174187,133194,168524,140467
"Eternal Guarding",0,0,0,0,0,0,0,0,0,0,0,0,0,0,0,0,569442,791435,808762,1056555,1107602,604468,349131,266380
"Legend of Xuanyuan",0,0,0,0,0,1492157,1275621,792524,476598,384320,329630,322874,255764,206138,0,0,0,0,0,0,0,0,0,0
"Tower Defense Three Kingdoms",218828,278737,233728,219031,217090,218435,450314,602768,386500,0,223277,303528,0,0,0,231108,306581,230084,248381,286931,180084,232670,0,174867
"OMG!Kingdoms! 2",585580,456375,368845,273245,239831,206237,269384,306191,301587,276545,302415,322851,327628,313951,240151,239200,188584,0,0,0,0,0,0,0
"Total Warfare – Epic Kingdoms",587204,397318,368632,438807,258930,255928,268501,232848,205571,166038,211438,224414,234734,0,177861,192560,0,133230,0,204775,203161,190742,0,0
"Brawl Stars",0,0,0,0,0,0,0,0,0,0,0,743452,1210060,857592,543744,293782,300591,0,301144,196401,239904,0,0,214348
"Gardenscapes - New Acres",219542,221112,301474,273467,252372,251844,247310,200827,178025,191744,160880,206212,0,0,186130,222774,201952,207257,211092,208595,222131,233662,230720,269185
"Dragalia Lost",0,0,0,0,0,0,0,0,0,873981,490475,403065,513692,249207,311517,263790,515910,194772,257724,177692,268642,344731,0,0
"Baoyoufa Entertainment City",0,0,0,0,0,0,249205,235782,299527,219052,207185,250705,263975,0,179148,386041,321704,275541,263281,295645,408000,348404,330534,331028
"Free Fire",0,0,0,0,0,219120,331277,235417,246321,356182,339775,0,10288,425270,461124,426317,359337,272730,264841,237130,221271,182850,150254,0
"The Battle Cats",177734,136431,0,192500,154451,188942,308070,164564,194652,145682,0,0,253454,265180,360661,228711,231767,200072,355184,247251,177335,198615,277932,216932
"Homescapes",181328,169652,220552,222240,202087,200228,184707,0,0,0,0,0,0,0,249691,321178,316310,356512,335432,369710,348770,355580,291902,297335
"King's Raid",0,0,0,0,227414,1159104,969611,512828,381522,190447,320138,264462,202860,186030,191148,0,0,0,0,0,0,0,0,0
"Archangel Sword H5",0,0,0,570035,870115,810697,450278,365232,296560,278174,224990,196561,206065,228775,0,0,0,0,0,0,0,0,0,0
"MU Awakening",0,0,0,834921,811712,557184,377658,264951,261844,232187,317142,279825,256978,217685,0,0,0,0,0,0,0,0,0,0
"Epic Seven",0,0,0,0,0,0,0,0,0,0,217372,318548,222958,647587,406200,445637,447650,319350,155248,284305,260788,145464,233738,216635
"King of Avalon: Dragon Warfare",371438,263020,328567,341734,337004,409848,288204,250265,212402,224224,182427,181531,0,0,166904,0,169685,141325,147661,138167,154220,0,0,0
"Hearthstone: Heroes of Warcraft",210548,296547,293592,433315,0,274672,400117,372071,185198,225917,277212,443397,0,0,247390,379197,0,0,0,220317,0,0,0,0
"Monster Strike",388194,257332,217080,125771,0,0,266690,164320,209595,278675,164894,0,267501,378531,0,0,189248,200425,181878,0,187514,255897,336568,176921
"Idle Adventurers",0,0,0,0,0,0,0,0,0,0,0,0,0,0,0,0,550118,2008384,755840,578982,330294,0,0,0
"Two Three Kingdoms: Turn-based",0,0,0,0,0,0,0,0,0,0,0,0,0,0,0,0,0,0,0,0,0,587322,1366227,2227665
"Bonus Winner Mahjong",148740,159205,160470,154512,138272,150994,196388,161228,187584,173725,143284,153495,184081,194552,219850,170588,188914,187267,174760,181001,174182,197081,172487,187650
"Crash Fever",146782,204961,135962,171057,191994,197422,166798,159012,177207,142931,114384,170735,141562,272077,254662,150230,0,218701,254357,158752,200425,174164,133217,144070
"Bravo Casino",0,79511,147875,189801,165622,164464,164111,137514,174141,165378,167551,157844,177212,150462,176937,214424,175582,220050,236887,202380,218650,209682,182327,181398
"The Epoch of Eternity",375737,339752,334637,340014,290690,268430,278348,236032,245140,217244,227605,206460,0,243295,174945,0,152285,0,111405,0,0,0,0,0
"I'm a legend",0,0,0,0,0,0,287922,261122,466350,526198,531570,404204,444464,309811,348555,267724,183301,0,0,0,0,0,0,0
"Brown Dust",0,0,0,0,0,0,0,0,0,450332,776900,470062,469012,250585,475261,218302,191178,109402,144528,0,0,0,240882,101524
"The sword of the world",0,0,0,0,0,0,0,257618,302321,258022,300877,424734,449168,392931,232204,272728,165880,230412,143637,142798,122981,98318,102528,0
"The Soul Land",0,0,0,0,0,0,0,0,0,0,0,0,0,0,0,0,0,694622,806114,703872,727517,363927,340874,248241
"Enquire from the gods",0,0,0,0,0,0,702661,569217,490450,453835,512305,636124,0,0,0,277030,226578,0,0,0,0,0,0,0
"Final Fantasy XV: A New Empire",342881,203862,189484,202041,314818,287165,343685,272141,270481,206677,212248,173857,189830,239128,227791,175194,0,0,0,0,0,0,0,0
"Hot blooded sword",0,0,0,0,0,0,0,0,0,0,0,0,0,0,0,0,0,0,0,220278,801268,1171804,926991,699255
"Fire Like the Song",0,0,0,0,0,0,0,0,798591,841138,598570,562320,501065,264588,212581,0,0,0,0,0,0,0,0,0
"A Dream of Jianghu",0,0,0,0,0,0,902575,877712,519072,392208,307005,278118,290738,190857,0,0,0,0,0,0,0,0,0,0
"FINAL FANTASY BRAVE EXVIUS",196457,249601,207544,179202,321172,211301,222831,238575,257947,207410,216005,265675,180560,164958,0,143821,123977,135865,151065,0,0,0,0,0
"Legacy of Discord",557192,589998,592318,438394,307025,295244,252901,208638,182950,183778,0,0,0,0,0,0,0,0,0,0,0,0,0,0
"Forsaken World",0,0,0,0,0,0,0,0,0,0,0,0,0,0,0,0,0,0,0,0,1003435,1335097,648254,536155
"Infinite Fighting",141644,152115,137395,137390,203564,214287,210560,249957,248690,218965,220881,255831,257431,0,215865,296698,195827,147941,0,0,0,0,0,0
"War and Order",237912,292977,259160,232148,251495,280725,282897,246080,247808,201674,185388,217178,208311,0,0,0,0,0,165212,0,0,182620,0,0
"Stone Age M",0,0,0,0,0,0,876708,1157265,546437,296341,230820,149167,0,176225,0,0,0,0,0,0,0,0,0,0
"Angel Era",0,0,0,0,0,0,805391,908028,666901,418825,285277,236485,0,0,0,0,0,0,0,0,0,0,0,0
"King of Kings",0,0,0,0,0,0,0,0,791165,556164,499712,367058,350521,276954,261891,201750,0,0,0,0,0,0,0,0
"Onmyoji Arena",0,0,0,0,799645,904155,411314,287642,274661,169137,0,0,229305,0,0,0,0,0,141488,0,0,0,0,0
"Jiang Dan The Great War",160954,131758,138024,0,145055,136674,129007,190297,203951,212762,219998,191757,217561,253540,222118,221510,0,96438,97041,97038,62040,85268,0,0
"Dragon Raja",0,0,0,0,0,0,0,0,0,0,0,0,0,0,0,0,0,0,0,0,600431,921257,939160,727878
"Dragon Ball Z Dokkan Battle",100130,117158,0,182550,182670,0,404402,131372,303528,155848,136477,0,0,290312,152917,0,202441,0,319614,0,183780,0,0,227235
"Hero Wars",0,0,0,0,0,0,0,0,0,0,0,0,0,0,0,0,0,0,0,305731,447277,529752,1104641,658721
"Saint Seiya : Awakening",0,0,0,0,0,0,0,0,0,0,0,0,0,0,1078050,651204,466614,213451,239584,190322,125118,0,0,0
"Shining Nikki",0,0,0,0,0,0,0,0,0,0,0,0,0,0,0,549541,497495,606890,279480,303532,147440,0,336187,207224
"Miracle Nikki",192538,469595,211020,171677,200298,186474,144010,256425,0,112935,131764,133298,235798,161335,153342,0,0,0,0,133555,0,0,0,0
"Brown Farm",139595,160284,156371,164860,152257,226214,171064,241290,172715,142120,161878,185525,0,0,0,0,0,0,0,0,0,423738,0,190124
"I am an Emperor in Qing Dynasty",423214,438901,356580,347107,246622,239361,232040,214558,185155,0,0,0,0,0,0,0,0,0,0,0,0,0,0,0
"Cookie Run: OvenBreak",183304,0,153117,0,174438,207905,246174,0,160604,160528,234818,235390,206578,191814,0,0,0,188397,151714,0,153037,0,0,0
"Golden HoYeah Slots",125645,115774,146628,143052,0,0,0,0,101998,91851,101554,126242,146575,132291,151072,130031,131771,134442,129745,176027,174321,117057,123900,135382
"Rohan M",0,0,0,0,0,0,0,0,0,0,0,0,0,0,0,0,0,0,0,0,0,0,1527477,1072625
"Novoland the Castle in the Sky",615991,614432,376502,363721,256735,200124,154887,0,0,0,0,0,0,0,0,0,0,0,0,0,0,0,0,0
"HUGA Slots",89125,99225,103678,106004,108712,118035,113107,114634,112537,122900,129577,132754,171538,170512,142932,0,0,133945,141538,134444,108048,122547,94125,0
"PUBG MOBILE",0,0,0,0,0,0,0,0,0,0,0,0,0,0,0,0,186885,363027,356637,349961,317357,315617,314268,257680
"Lost Decade",0,0,0,0,0,0,0,199138,532931,535985,255058,254815,238967,242932,183197,0,0,0,0,0,0,0,0,0
"City of Forever 7 Days",0,0,0,240381,1461170,334732,161518,126052,118507,0,0,0,0,0,0,0,0,0,0,0,0,0,0,0
"THE KING OF FIGHTERS ALLSTAR",0,0,0,0,0,0,0,0,0,0,0,0,0,0,0,0,0,0,0,0,0,378948,1251485,762357
"Royal Chaos",0,0,0,0,155282,201687,259715,242472,203031,230064,232248,191810,225307,151335,134001,140748,0,0,0,0,0,0,0,0
"Another Eden",0,0,0,0,0,0,0,0,0,0,0,0,0,531780,423591,363814,0,151515,0,180715,156834,147324,0,364808
"Cross Gate",0,0,0,0,0,0,0,0,0,0,0,0,0,0,0,0,0,226672,837780,632822,310292,155007,136352,0
"LINE CHEF",0,0,0,0,0,0,0,0,0,0,0,0,0,0,0,0,0,202517,273110,332655,518204,396375,263545,205622
"Sdorica -sunset",0,0,0,431604,1114165,365932,217160,0,0,0,0,0,0,0,0,0,0,0,0,0,0,0,0,0
"My Own Swordsman",0,0,0,0,0,0,0,0,0,528208,595551,412715,317742,217962,0,0,0,0,0,0,0,0,0,0
"Flowers In Forbidden City",0,0,0,0,0,0,0,0,0,0,0,0,0,319567,319757,358800,383807,234287,197230,0,239778,0,0,0
"Guns of Glory",0,0,0,0,209982,0,507741,313795,313281,482000,0,0,0,0,0,0,0,0,0,185692,0,0,0,0
"My Country",201434,220552,178611,197028,224772,232840,222835,198017,184381,146554,0,0,0,0,0,0,0,0,0,0,0,0,0,0
"Guard: the Light of Destiny",0,0,0,732117,538584,572272,162148,0,0,0,0,0,0,0,0,0,0,0,0,0,0,0,0,0
"Bleach: Memories of Nobody",0,0,0,0,0,0,0,0,0,0,0,0,815995,476451,439337,263352,0,0,0,0,0,0,0,0
"Devil Basara",0,0,0,0,0,0,0,0,258568,562381,342341,443504,333324,0,0,0,0,0,0,0,0,0,0,0
"Azur Lane",0,0,0,0,0,0,0,0,0,0,0,0,0,0,0,0,0,0,0,0,0,648004,655774,613130
"Fate of Ascension",0,0,382730,554551,429451,273484,242350,0,0,0,0,0,0,0,0,0,0,0,0,0,0,0,0,0
"Baseball palace 2017",0,0,0,0,223710,328682,252734,215034,195218,184807,0,0,0,0,0,0,0,0,0,0,0,0,201430,216197
"The King of Fighters' 98 Ultimate Match",187497,208644,164952,166657,196654,164190,203115,165221,197450,159357,0,0,0,0,0,0,0,0,0,0,0,0,0,0
"Ghost",351097,343820,364981,247260,258975,0,0,0,0,0,0,0,0,0,0,0,0,0,0,0,0,0,0,215345
"Alliance X Empire",0,0,0,0,0,0,0,0,0,0,0,0,0,467374,795574,315557,198197,0,0,0,0,0,0,0
"Yokai Tamer",0,0,0,0,0,0,0,0,0,0,0,0,0,0,0,0,36477,0,436162,604425,420391,273357,0,0
"Wu Dao Xian Zun",0,0,0,0,0,0,0,0,0,0,135362,203837,316298,379222,341241,349962,0,0,0,0,0,0,0,0
"Girl's Frontline",88007,189775,159664,0,348144,110482,0,169901,83227,135427,0,95925,0,116261,0,0,151952,0,61581,0,0,0,0,0
"Awakening Of Dragon",0,0,0,0,0,0,0,0,0,0,0,0,0,0,0,0,0,0,0,0,0,665747,643474,353101
"Dark Avenger 3",0,0,0,0,0,509861,861774,268624,0,0,0,0,0,0,0,0,0,0,0,0,0,0,0,0
"The Kunlun Ruins",473011,320441,213265,223414,159664,101504,100051,0,0,0,0,0,0,0,0,0,0,0,0,0,0,0,0,0
"Cloud and dream",0,0,0,0,0,0,0,0,0,0,0,555867,487914,292065,214672,0,0,0,0,0,0,0,0,0
"Girls X Battle 2",0,0,0,0,0,0,0,0,79377,176802,165558,220267,220014,219282,162561,153455,0,0,109304,0,0,0,0,0
"I am MT 4",0,0,0,0,0,0,0,0,0,0,220821,654730,420944,199405,0,0,0,0,0,0,0,0,0,0
"Yu-Gi-Oh! Duel Links",182672,137204,126237,175344,157781,125534,0,0,0,136625,0,0,171747,0,0,0,160704,0,0,0,0,119024,0,0
"The Legend of The Condor Heroes 2",395847,335425,292401,260491,196507,0,0,0,0,0,0,0,0,0,0,0,0,0,0,0,0,0,0,0
"Final Blade",0,0,0,0,0,436025,538185,287962,178642,0,0,0,0,0,0,0,0,0,0,0,0,0,0,0
"JUMPTI Heroes",0,0,0,0,0,0,0,0,0,0,0,0,0,0,0,0,0,0,395362,264155,187878,248842,193432,150704
"The King of Fighters: Destiny",0,0,0,0,0,0,0,0,0,311067,477617,336681,272744,0,0,0,0,0,0,0,0,0,0,0
"Haoshen Entertainment City",0,0,0,0,0,0,0,0,0,0,0,0,0,0,0,0,0,0,0,203622,245757,315795,276684,319737
"ambition",0,0,296695,483081,259948,307415,0,0,0,0,0,0,0,0,0,0,0,0,0,0,0,0,0,0
"Runaway hero",0,0,0,0,0,0,0,0,0,0,0,0,0,0,0,0,0,0,0,0,0,0,527974,815138
"Manghuangji 2018",0,0,0,0,0,564372,388454,241540,123428,0,0,0,0,0,0,0,0,0,0,0,0,0,0,0
"Xuanyuan Xiuxian record",0,0,0,0,0,0,0,0,0,0,0,0,0,0,0,0,0,0,0,229328,490092,273808,149842,166697
"Age of Z",0,0,0,0,0,0,0,0,0,0,0,0,0,0,0,0,0,0,124721,160550,210794,244970,278937,251677
"Township",0,0,0,0,0,0,0,0,0,0,0,0,0,0,0,127375,163311,150937,183542,185480,161918,135184,157900,0
"Call of Duty: Mobile",0,0,0,0,0,0,0,0,0,0,0,0,0,0,0,0,0,0,0,0,0,498548,398938,349328
"DRAGON BALL LEGENDS",0,0,0,0,0,255630,0,0,0,0,0,0,0,0,241865,0,0,333630,0,222632,0,0,0,187142
"Clash of Clans",0,0,139535,131150,0,224608,0,161115,0,0,0,0,0,0,0,0,0,173375,146167,0,0,0,0,249507
"Ever Night",0,0,0,0,0,0,0,0,0,0,0,0,0,298257,376505,313882,234352,0,0,0,0,0,0,0
"Immortal Swords",0,0,0,190234,413438,333201,208600,0,0,0,0,0,0,0,0,0,0,0,0,0,0,0,0,0
"Aura Kingdom 2",0,0,0,0,0,0,0,0,0,0,0,0,0,0,0,0,0,0,0,0,711148,229097,178567,0
"Everybody's Marble",296560,211444,229021,190030,150765,0,0,0,0,0,0,0,0,0,0,0,0,0,0,0,0,0,0,0
"LINE Rangers",96344,169731,93561,163807,96294,160424,0,155377,0,120040,0,0,0,0,0,0,0,0,0,0,0,0,0,0
"Demon Seals",318781,244724,297607,187050,0,0,0,0,0,0,0,0,0,0,0,0,0,0,0,0,0,0,0,0
"Yulgang Mobile",374848,260272,220375,180737,0,0,0,0,0,0,0,0,0,0,0,0,0,0,0,0,0,0,0,0
"Barrage and Archer",0,0,0,0,0,0,0,0,0,0,0,0,0,0,0,707847,316847,0,0,0,0,0,0,0
"Floating life is my song",0,0,0,0,0,0,0,0,0,0,0,0,0,0,0,0,0,0,312912,258205,256180,194922,0,0
"Box Office Wonder",0,0,0,0,0,0,0,0,162842,360122,109294,222454,158481,0,0,0,0,0,0,0,0,0,0,0
"Glory of Cepheus",0,0,0,0,0,0,0,0,0,0,0,0,0,0,0,0,0,0,0,0,0,265932,387957,346797
"Return of the Condor Heroes 2",0,0,0,0,0,0,0,0,0,0,0,187424,382121,255037,168084,0,0,0,0,0,0,0,0,0
"Food Fantasy",0,0,389048,439402,151490,0,0,0,0,0,0,0,0,0,0,0,0,0,0,0,0,0,0,0
"Fire Emblem Heroes",194232,230465,192652,118061,136321,100135,0,0,0,0,0,0,0,0,0,0,0,0,0,0,0,0,0,0
"Destiny Child",0,0,0,0,0,0,0,0,0,0,0,253254,336595,223591,145590,0,0,0,0,0,0,0,0,0
"Faith Framework",0,0,0,0,0,0,0,0,0,0,0,0,0,0,0,0,744685,207730,0,0,0,0,0,0
"Destiny of an Emperor M",0,0,0,0,0,0,0,0,401724,303170,235431,0,0,0,0,0,0,0,0,0,0,0,0,0
"The Legend of The Condor Heroes",254705,249545,208397,223060,0,0,0,0,0,0,0,0,0,0,0,0,0,0,0,0,0,0,0,0
"Luna Online",0,0,0,394441,323120,212664,0,0,0,0,0,0,0,0,0,0,0,0,0,0,0,0,0,0
"The Land of Glory",282640,266360,220857,158812,0,0,0,0,0,0,0,0,0,0,0,0,0,0,0,0,0,0,0,0
"Exquisite formula",0,0,69818,230064,179907,169428,150175,119100,0,0,0,0,0,0,0,0,0,0,0,0,0,0,0,0
"Nirvana in Fire",0,0,0,461804,294705,161852,0,0,0,0,0,0,0,0,0,0,0,0,0,0,0,0,0,0
"Texas Poker by Gamesofa",84260,84521,110635,93675,111558,0,0,0,0,0,0,0,0,154050,0,0,0,0,0,0,135690,130347,0,0
"Hand tour of palace",0,0,0,0,0,0,0,0,0,0,0,0,0,0,129631,142490,107998,89165,72854,75267,89320,97415,95775,0
"BnB",0,0,0,0,0,0,0,0,0,0,0,0,0,0,489184,388008,0,0,0,0,0,0,0,0
"The magic night of Tang Dynasty",0,0,0,0,0,0,0,0,0,0,0,0,0,0,0,382842,331418,159560,0,0,0,0,0,0
"Nine Regions Youxia Legend",0,0,0,0,48348,245081,211664,213317,139202,0,0,0,0,0,0,0,0,0,0,0,0,0,0,0
"Jade Dynasty",177307,141855,162672,156701,215178,0,0,0,0,0,0,0,0,0,0,0,0,0,0,0,0,0,0,0
"Dungeon Survivor II",0,0,417824,219070,181565,0,0,0,0,0,0,0,0,0,0,0,0,0,0,0,0,0,0,0
"Tale of Wuxia",0,0,0,0,0,0,0,0,0,0,0,0,0,0,395575,241287,138997,0,0,0,0,0,0,0
"The Soul of Hunter",0,0,0,0,0,0,0,498075,262644,0,0,0,0,0,0,0,0,0,0,0,0,0,0,0
"King And Beauty",0,0,0,0,0,0,0,0,0,0,0,0,0,0,0,0,0,0,0,0,0,118224,340332,300911
"Wild hope of overlord",0,0,0,0,0,0,0,0,0,0,0,0,0,0,0,0,0,0,0,0,0,0,393630,359418
"Regent of Qing Dynasty",0,0,0,117525,149338,161308,177254,138402,0,0,0,0,0,0,0,0,0,0,0,0,0,0,0,0
"The Dark Crusade",336408,214025,190297,0,0,0,0,0,0,0,0,0,0,0,0,0,0,0,0,0,0,0,0,0
"The Bright Moon",0,0,0,0,0,0,0,0,0,0,0,0,475004,247517,0,0,0,0,0,0,0,0,0,0
"March - dream life",0,0,0,0,0,0,0,0,0,0,0,0,0,357450,191717,172962,0,0,0,0,0,0,0,0
"Dragon overlord",0,0,0,0,0,0,0,0,0,0,0,0,0,0,0,407877,210600,101505,0,0,0,0,0,0
"Luna M",338925,196677,177945,0,0,0,0,0,0,0,0,0,0,0,0,0,0,0,0,0,0,0,0,0
"Kardia tou Abel",0,0,0,0,0,0,0,0,0,0,0,0,0,0,0,461180,240855,0,0,0,0,0,0,0
"Legend of Bluemoon",0,0,0,0,0,0,0,0,0,0,0,0,0,0,0,0,185954,331782,183194,0,0,0,0,0
"Everyone Legend of Heroes",0,0,486775,212384,0,0,0,0,0,0,0,0,0,0,0,0,0,0,0,0,0,0,0,0
"DanMachi Memoria",0,0,0,0,0,0,0,0,0,0,399988,155291,0,0,0,140564,0,0,0,0,0,0,0,0
"Seal Mobile",0,0,0,0,0,0,0,0,0,0,0,0,0,0,0,0,0,0,0,0,0,0,195808,494887
"Battle Spirit M",0,0,0,0,0,0,0,0,0,0,0,0,0,0,0,0,0,0,0,0,0,0,303854,383234
"Taigu God King: Star soul Awakening",0,0,0,0,0,0,0,0,0,0,0,0,0,0,430341,253794,0,0,0,0,0,0,0,0
"Pokémon Masters",0,0,0,0,0,0,0,0,0,0,0,0,0,0,0,0,0,0,0,0,681964,0,0,0
"Crusaders Quest",163742,0,143030,0,0,0,0,0,0,0,0,0,209518,0,0,0,0,154052,0,0,0,0,0,0
"Twinkling light",0,0,0,0,0,0,0,0,0,0,0,0,0,0,0,0,0,0,0,0,0,0,0,641601
"La Tale W",0,0,0,504581,132767,0,0,0,0,0,0,0,0,0,0,0,0,0,0,0,0,0,0,0
"Empires ; Puzzles",0,0,0,0,0,0,0,0,0,0,0,0,0,0,0,0,0,0,0,0,0,188118,192135,248832
"I'm in the world",0,0,0,0,0,0,0,0,0,0,0,0,0,0,0,0,0,0,162392,304594,157300,0,0,0
"Fantasy realm",0,0,0,0,0,0,0,272691,218107,130195,0,0,0,0,0,0,0,0,0,0,0,0,0,0
"Crisis Action",153760,156037,136798,0,0,0,158771,0,0,0,0,0,0,0,0,0,0,0,0,0,0,0,0,0
"Xuan-Yuan Sword Mobile",0,0,0,0,0,0,0,0,0,0,0,0,0,0,376331,203694,0,0,0,0,0,0,0,0
"SEAL Hope: New World",235537,189945,150304,0,0,0,0,0,0,0,0,0,0,0,0,0,0,0,0,0,0,0,0,0
"Dynasty Warriors: Unleashed",137522,160881,0,158931,112274,0,0,0,0,0,0,0,0,0,0,0,0,0,0,0,0,0,0,0
"Story of the Peach Blossom Valley",0,0,0,0,0,0,0,0,0,183454,185344,199998,0,0,0,0,0,0,0,0,0,0,0,0
"The Sword And Lovers",187214,120097,105007,86984,61520,0,0,0,0,0,0,0,0,0,0,0,0,0,0,0,0,0,0,0
"Professional Baseball VS",0,0,0,0,0,0,0,294060,262252,0,0,0,0,0,0,0,0,0,0,0,0,0,0,0
"Moonless God",131422,268804,149475,0,0,0,0,0,0,0,0,0,0,0,0,0,0,0,0,0,0,0,0,0
"Teon",0,0,0,0,0,0,0,0,0,0,548064,0,0,0,0,0,0,0,0,0,0,0,0,0
"Rampant School Park",0,0,0,0,0,397464,149705,0,0,0,0,0,0,0,0,0,0,0,0,0,0,0,0,0
"The origin of Mori",0,0,0,0,0,0,0,0,0,0,0,0,0,0,0,372855,166530,0,0,0,0,0,0,0
"Final Fantasy Awakening",219997,165288,151841,0,0,0,0,0,0,0,0,0,0,0,0,0,0,0,0,0,0,0,0,0
"Pirates of the Caribbean: Set Sail",0,0,0,212585,217422,103827,0,0,0,0,0,0,0,0,0,0,0,0,0,0,0,0,0,0
"Love on pillow",0,0,4574,338975,0,182365,0,0,0,0,0,0,0,0,0,0,0,0,0,0,0,0,0,0
"Three Kingdoms Game",96130,95405,101110,67555,0,0,64884,0,84694,0,0,0,0,0,0,0,0,0,0,0,0,0,0,0
"Engagement: the spirit comes again",0,0,0,0,0,0,0,0,0,0,0,0,0,0,0,194281,213055,100505,0,0,0,0,0,0
"Battle Warship: Naval Empire",0,0,0,0,0,0,0,0,0,0,0,0,0,0,0,0,0,0,0,0,175327,154611,170888,0
"Smash of Dynasty",162352,216755,0,0,0,117744,0,0,0,0,0,0,0,0,0,0,0,0,0,0,0,0,0,0
"Younger martial sister Yuanqi",0,0,0,0,0,0,0,0,0,0,0,0,0,0,0,0,0,0,0,0,0,312632,178312,0
"The King Of Fighters World",0,0,0,0,0,276102,212220,0,0,0,0,0,0,0,0,0,0,0,0,0,0,0,0,0
"The story of choosing Immortals",0,0,236170,246810,0,0,0,0,0,0,0,0,0,0,0,0,0,0,0,0,0,0,0,0
"Sword and contract",0,0,0,0,0,0,0,0,0,0,0,0,0,0,0,0,285184,196587,0,0,0,0,0,0
"SNK all star",0,0,0,0,0,0,0,0,0,0,0,0,0,265210,216498,0,0,0,0,0,0,0,0,0
"The Tale of Five Kingdoms",0,0,0,0,315265,158204,0,0,0,0,0,0,0,0,0,0,0,0,0,0,0,0,0,0
"Unparalleled Swordsman",172368,149897,140915,0,0,0,0,0,0,0,0,0,0,0,0,0,0,0,0,0,0,0,0,0
"Legend of hope",0,0,0,0,0,0,0,0,0,0,305225,154442,0,0,0,0,0,0,0,0,0,0,0,0
"The Origin of Adventure",0,0,0,0,0,0,0,0,0,0,0,0,0,0,454085,0,0,0,0,0,0,0,0,0
"Taigu Fengmo record",0,0,0,0,0,0,0,0,0,0,0,0,0,0,0,0,126602,111097,99621,116521,0,0,0,0
"Candy Crush Soda Saga",135295,150521,152651,0,0,0,0,0,0,0,0,0,0,0,0,0,0,0,0,0,0,0,0,0
"The story of the demon God",0,0,0,0,0,0,0,0,0,0,0,0,0,0,0,0,204200,228838,0,0,0,0,0,0
"Leader 2",0,0,0,0,0,0,315787,115212,0,0,0,0,0,0,0,0,0,0,0,0,0,0,0,0
"Full House Casino",0,0,109608,114495,0,0,0,0,0,0,197560,0,0,0,0,0,0,0,0,0,0,0,0,0
"Heroes of Tang Dynasty",0,245910,172294,0,0,0,0,0,0,0,0,0,0,0,0,0,0,0,0,0,0,0,0,0
"God of Night",0,0,0,0,0,0,0,0,0,0,0,0,0,0,0,0,0,280867,125937,0,0,0,0,0
"Chang'an fantasy painting",0,0,0,0,0,0,0,0,0,0,0,0,0,0,0,221641,177541,0,0,0,0,0,0,0
"I Am Rich",0,0,0,0,0,0,0,0,0,0,0,0,0,226984,167807,0,0,0,0,0,0,0,0,0
"Sword dance",0,0,0,0,0,0,0,0,0,0,0,0,0,0,0,384861,0,0,0,0,0,0,0,0
"BTS WORLD",0,0,0,0,0,0,0,0,0,0,0,0,0,0,0,0,0,0,219875,162805,0,0,0,0
"Reincarnation formula",0,0,0,0,0,0,235465,146228,0,0,0,0,0,0,0,0,0,0,0,0,0,0,0,0
"Fengyun 2",0,0,0,258538,121192,0,0,0,0,0,0,0,0,0,0,0,0,0,0,0,0,0,0,0
"Lord Xue Ying",0,0,0,0,0,0,0,0,0,0,0,0,0,0,0,0,0,0,0,0,0,0,372924,0
"Sansheng Sanshi Shili peach blossom",0,0,0,0,0,0,0,0,0,0,0,0,0,0,0,0,0,0,0,0,0,0,202614,167372
"All Within The Boundaries",0,167167,0,0,0,185030,0,0,0,0,0,0,0,0,0,0,0,0,0,0,0,0,0,0
"Sword Art Online Memory Defrag",109615,119882,116105,0,0,0,0,0,0,0,0,0,0,0,0,0,0,0,0,0,0,0,0,0
"Kaiser",0,0,0,0,0,0,0,0,0,0,0,0,142704,202054,0,0,0,0,0,0,0,0,0,0
"Goblin's Tail - the strongest guild",0,0,0,0,0,0,0,0,343248,0,0,0,0,0,0,0,0,0,0,0,0,0,0,0
"Place Three Kingdoms",0,0,0,0,0,0,0,0,0,0,0,0,0,335032,0,0,0,0,0,0,0,0,0,0
"Street Basketball",184058,150634,0,0,0,0,0,0,0,0,0,0,0,0,0,0,0,0,0,0,0,0,0,0
"A new era of navigation",0,0,0,0,0,0,0,0,0,0,0,0,0,0,0,0,332472,0,0,0,0,0,0,0
"A sword pours down on the city",0,0,0,0,0,0,0,0,0,0,164917,154565,0,0,0,0,0,0,0,0,0,0,0,0
"The battle of Tianyi",0,0,0,0,309552,0,0,0,0,0,0,0,0,0,0,0,0,0,0,0,0,0,0,0
"Divine Comedy",0,0,0,0,0,0,0,0,0,0,0,0,135021,173828,0,0,0,0,0,0,0,0,0,0
"Spirit Wish",0,0,0,0,0,0,0,0,0,0,0,0,0,0,0,0,0,0,0,0,0,0,192558,115945
"Noah's Contract M",0,0,0,0,0,0,0,0,0,0,306917,0,0,0,0,0,0,0,0,0,0,0,0,0
"Secretary to the president",0,0,0,0,0,0,0,126040,180540,0,0,0,0,0,0,0,0,0,0,0,0,0,0,0
"Xiuzhen simulator",0,0,0,0,0,0,0,0,0,0,0,0,0,0,0,0,0,0,0,0,302201,0,0,0
"Eternal dream",0,0,0,0,0,0,0,0,0,0,0,0,0,0,0,0,0,0,131631,169867,0,0,0,0
"OverHit",0,0,0,0,0,0,0,0,0,0,0,0,0,0,0,0,0,301000,0,0,0,0,0,0
"MU: Origin",154462,141868,0,0,0,0,0,0,0,0,0,0,0,0,0,0,0,0,0,0,0,0,0,0
"Dark Legend",0,0,0,0,0,0,0,0,0,0,0,294014,0,0,0,0,0,0,0,0,0,0,0,0
"Travel Frog",0,291264,0,0,0,0,0,0,0,0,0,0,0,0,0,0,0,0,0,0,0,0,0,0
"Song of Time",0,0,0,0,0,0,0,0,0,0,0,0,0,0,0,196757,92688,0,0,0,0,0,0,0
"Small shrimps in the world",0,0,0,0,0,0,130557,153637,0,0,0,0,0,0,0,0,0,0,0,0,0,0,0,0
"Super warrior Z",0,0,0,0,0,0,0,0,0,0,0,0,0,0,0,0,0,0,0,0,0,0,278968,0
"Captain Tsubasa: Dream Team",0,0,0,124420,0,152991,0,0,0,0,0,0,0,0,0,0,0,0,0,0,0,0,0,0
"The Demi-Gods and Semi-Devils Mobile",0,0,0,0,273890,0,0,0,0,0,0,0,0,0,0,0,0,0,0,0,0,0,0,0
"Merge Dragons",0,0,0,0,0,0,0,0,0,0,0,0,0,0,0,0,0,136881,131015,0,0,0,0,0
"Lost Heaven",0,0,0,0,0,0,0,0,0,0,0,0,0,0,0,0,0,173961,90147,0,0,0,0,0
"Pig's Adventure",102247,78734,79580,0,0,0,0,0,0,0,0,0,0,0,0,0,0,0,0,0,0,0,0,0
"Swordsman",0,0,0,0,0,0,0,0,0,0,0,0,0,0,0,0,0,0,0,0,0,0,0,254217
"Ultimate Guardian",0,0,0,0,0,0,0,0,0,0,0,0,251042,0,0,0,0,0,0,0,0,0,0,0
"The Story of Xia",249665,0,0,0,0,0,0,0,0,0,0,0,0,0,0,0,0,0,0,0,0,0,0,0
"Yokai Kitchen",0,0,0,0,0,0,0,0,0,0,0,0,0,0,0,0,0,0,0,237908,0,0,0,0
"Happy Fish",0,102197,0,0,0,0,0,0,0,0,0,0,0,0,0,0,0,0,0,131984,0,0,0,0
"Inuyasha - Battle of Naraku",0,0,0,0,0,0,0,0,0,0,0,0,0,0,0,0,220074,0,0,0,0,0,0,0
"Eternal Battle",0,0,0,0,0,0,0,0,0,0,0,0,216190,0,0,0,0,0,0,0,0,0,0,0
"Last Empire-War Z",109058,106787,0,0,0,0,0,0,0,0,0,0,0,0,0,0,0,0,0,0,0,0,0,0
"Idle Devil",0,0,0,0,0,0,0,0,0,0,0,0,0,0,0,0,0,0,0,0,0,0,214228,0
"SHINOBI MASTER -SENRAN KAGURA NEW LINK",0,0,0,0,0,0,0,0,0,0,0,0,0,0,0,213821,0,0,0,0,0,0,0,0
"Attack on Titan",0,0,0,0,0,0,0,0,0,0,0,0,0,0,0,0,0,0,212477,0,0,0,0,0
"Love with the immortal",0,0,0,0,0,0,0,0,0,0,211347,0,0,0,0,0,0,0,0,0,0,0,0,0
"MLB Perfect Inning Live",0,0,0,0,0,205172,0,0,0,0,0,0,0,0,0,0,0,0,0,0,0,0,0,0
"One Piece Treasure Cruise",0,201898,0,0,0,0,0,0,0,0,0,0,0,0,0,0,0,0,0,0,0,0,0,0
"Chief Almighty",0,0,0,0,0,0,0,0,0,0,0,0,0,0,201618,0,0,0,0,0,0,0,0,0
"DAFU Casino",0,0,0,0,0,0,0,0,0,0,0,0,0,0,0,0,0,0,0,0,0,0,0,192840
"Pokémon Quest",0,0,0,0,0,0,188790,0,0,0,0,0,0,0,0,0,0,0,0,0,0,0,0,0
"Eternity: the Origin of Fate",0,0,0,0,0,0,0,0,0,0,0,0,188307,0,0,0,0,0,0,0,0,0,0,0
"Destiny 6",187890,0,0,0,0,0,0,0,0,0,0,0,0,0,0,0,0,0,0,0,0,0,0,0
"Great military division",0,0,0,0,0,0,0,0,0,184862,0,0,0,0,0,0,0,0,0,0,0,0,0,0
"Keep a Hero to Battle",184534,0,0,0,0,0,0,0,0,0,0,0,0,0,0,0,0,0,0,0,0,0,0,0
"SINoALICE",0,0,0,0,0,0,0,0,0,0,0,182895,0,0,0,0,0,0,0,0,0,0,0,0
"The Seven Deadly Sins: Heroes Assembled",0,0,0,0,0,0,0,0,181914,0,0,0,0,0,0,0,0,0,0,0,0,0,0,0
"Colopl Rune Story",0,179170,0,0,0,0,0,0,0,0,0,0,0,0,0,0,0,0,0,0,0,0,0,0
"The Croods",0,0,0,0,0,0,0,0,0,0,0,0,0,0,0,0,0,178415,0,0,0,0,0,0
"Hundred Soul",0,0,0,0,0,0,0,0,0,0,0,0,0,0,0,0,0,0,0,178395,0,0,0,0
"Crossing Void",0,0,0,0,0,0,0,0,0,0,0,0,177658,0,0,0,0,0,0,0,0,0,0,0
"GUNDAM BATTLE: GUNPLA WARFARE",0,0,0,0,0,0,0,0,0,0,0,0,0,0,0,0,0,0,0,175417,0,0,0,0
"Junior Monkey King",0,0,0,0,0,0,0,0,0,0,0,0,0,174357,0,0,0,0,0,0,0,0,0,0
"Sword Art Online: Integral Factor",0,0,0,172464,0,0,0,0,0,0,0,0,0,0,0,0,0,0,0,0,0,0,0,0
"NOVENIA",169404,0,0,0,0,0,0,0,0,0,0,0,0,0,0,0,0,0,0,0,0,0,0,0
"Marvel Contest of Champions",167858,0,0,0,0,0,0,0,0,0,0,0,0,0,0,0,0,0,0,0,0,0,0,0
"Fishing Strike",0,0,0,0,166732,0,0,0,0,0,0,0,0,0,0,0,0,0,0,0,0,0,0,0
"Tianhua hundred Swords: Chop",0,0,0,0,0,166530,0,0,0,0,0,0,0,0,0,0,0,0,0,0,0,0,0,0
"Fury Survivor: Pixel Z",0,0,0,0,0,0,0,0,0,0,0,0,0,0,0,0,0,161820,0,0,0,0,0,0
"CARAVAN STORIES",0,0,0,0,0,0,0,160565,0,0,0,0,0,0,0,0,0,0,0,0,0,0,0,0
"Spirit sword immortal master",0,0,0,0,0,0,0,0,0,0,0,0,0,0,0,0,0,0,0,0,159208,0,0,0
"Era of Kingdoms",0,0,0,0,0,0,0,0,0,0,158054,0,0,0,0,0,0,0,0,0,0,0,0,0
"Garena DDTank",157334,0,0,0,0,0,0,0,0,0,0,0,0,0,0,0,0,0,0,0,0,0,0,0
"Mario Kart Tour",0,0,0,0,0,0,0,0,0,0,0,0,0,0,0,0,0,0,0,0,0,154624,0,0
"Searching for immortals in the Tang Dynasty",0,0,0,0,146224,0,0,0,0,0,0,0,0,0,0,0,0,0,0,0,0,0,0,0
"Evil spirit retreating powder 2",0,0,0,0,0,0,0,0,0,0,0,0,0,0,0,0,0,0,0,0,0,144487,0,0
"Closers M",0,0,0,0,0,0,0,0,0,0,0,0,143281,0,0,0,0,0,0,0,0,0,0,0
"Hidden City: Mystery of Shadows",0,0,140017,0,0,0,0,0,0,0,0,0,0,0,0,0,0,0,0,0,0,0,0,0
"Thirty six strategies",0,0,0,0,0,0,0,0,0,0,0,0,0,0,0,136978,0,0,0,0,0,0,0,0
"Mirage Memorial",0,0,0,0,0,0,0,0,0,0,0,0,0,0,0,0,0,0,0,136095,0,0,0,0
"Yang Guo and Little Dragon Girl",0,0,0,0,0,0,0,0,0,134705,0,0,0,0,0,0,0,0,0,0,0,0,0,0
"Candle in the Tomb",0,133424,0,0,0,0,0,0,0,0,0,0,0,0,0,0,0,0,0,0,0,0,0,0
"Akuryo Taisan",131435,0,0,0,0,0,0,0,0,0,0,0,0,0,0,0,0,0,0,0,0,0,0,0
"You and the world",0,0,129148,0,0,0,0,0,0,0,0,0,0,0,0,0,0,0,0,0,0,0,0,0
"Dawn of Daqin",0,0,0,0,0,0,0,0,0,0,0,0,0,0,0,0,0,0,0,0,0,0,0,128947
"Summoner of the Gods",127197,0,0,0,0,0,0,0,0,0,0,0,0,0,0,0,0,0,0,0,0,0,0,0
"Grand Chase",0,0,0,0,0,0,0,0,0,0,126045,0,0,0,0,0,0,0,0,0,0,0,0,0
"Sangokushi Taisen",0,0,0,0,109207,0,0,0,0,0,0,0,0,0,0,0,0,0,0,0,0,0,0,0
"Dragon Sky by Triple Double",0,0,0,0,0,0,0,0,0,0,0,0,0,0,102198,0,0,0,0,0,0,0,0,0
"Hoolai Three Kingdoms 2",0,98497,0,0,0,0,0,0,0,0,0,0,0,0,0,0,0,0,0,0,0,0,0,0
"The Legend of Sword and Fairy 5",94312,0,0,0,0,0,0,0,0,0,0,0,0,0,0,0,0,0,0,0,0,0,0,0
"The Furious Yama",0,0,0,0,0,0,0,0,0,0,0,0,0,0,0,0,0,0,0,0,91144,0,0,0
"Brutal Age: Horde Invasion",88444,0,0,0,0,0,0,0,0,0,0,0,0,0,0,0,0,0,0,0,0,0,0,0
"Heroes of Might and Magic",73625,0,0,0,0,0,0,0,0,0,0,0,0,0,0,0,0,0,0,0,0,0,0,0
"Black Knight and white Lord",0,0,0,0,0,67094,0,0,0,0,0,0,0,0,0,0,0,0,0,0,0,0,0,0
"Space time contract",0,0,64901,0,0,0,0,0,0,0,0,0,0,0,0,0,0,0,0,0,0,0,0,0
"Shadowverse",0,0,0,59672,0,0,0,0,0,0,0,0,0,0,0,0,0,0,0,0,0,0,0,0
"big boss",0,0,0,0,0,0,0,0,0,0,0,0,0,0,0,0,0,0,0,0,0,0,0,0
"Millennial Jiae M",0,0,0,0,0,0,0,0,0,0,0,0,0,0,0,0,0,0,0,0,0,0,0,0
