"game_name","2018/01","2018/02","2018/03","2018/04","2018/05","2018/06","2018/07","2018/08","2018/09","2018/10","2018/11","2018/12","2019/01","2019/02","2019/03","2019/04","2019/05","2019/06","2019/07","2019/08","2019/09","2019/10","2019/11","2019/12"
"Total",398713133,380887019,448966323,472120245,466576943,439177828,460508161,463731415,453784313,459833093,468811272,521962737,503958556,486947876,521381728,525463232,546880716,531166135,540350637,515289169,520689762,497043423,475253260,552942207
"Candy Crush Saga",38779787,32772078,39362967,37639081,39015185,37808267,37382074,36667404,35859157,39462942,37873725,36496500,40039155,36353895,41485370,39000955,39862540,40265407,35000862,27342342,26623687,28427767,27427582,27487111
"Fortnite",0,0,13199660,34340345,37682612,37255771,42278352,43158692,39358762,42957654,39605204,44910642,37810721,34080528,34524551,32703660,36231245,24064467,25094641,19140002,14266652,19604188,14533010,18410787
"Clash of Clans",11075708,10405464,14979817,11998204,12591580,21272270,13268680,15424581,13574637,15502064,16946055,19873134,17259702,19347950,19266627,30335772,29154571,31557510,21228648,17302257,15969698,14537458,15420362,25908470
"ROBLOX",16001551,12754631,14017795,15219654,12940175,13836302,14860025,15755541,13017617,12142110,13312021,17357822,17655800,16026261,15466461,16979945,17319968,23146142,25081642,21504764,19467644,19970760,22469208,28659821
"Pokémon GO",7305424,8728058,12477892,12428600,11124352,15449630,19825487,16856734,19784704,14740710,16405222,13991855,12476912,12109858,10916502,11681011,11560032,17301162,16015115,18915937,21370341,13218878,8994601,9450744
"Toon Blast",6119581,6477351,8025197,12247084,13721534,11803328,13037794,14158231,14108735,15497822,14821571,15797545,14706434,13098472,13771928,12333234,14378328,14681877,16132487,15119005,15528231,14828760,14622782,14581588
"Slotomania",10520827,9273020,12248394,13801700,13062677,11614395,11631227,12563758,10313522,10672307,10411098,10593770,10375210,9961662,10152374,11344717,11958858,12240431,11850040,12918125,13594064,12793058,12389287,13875317
"Candy Crush Soda Saga",16572288,13789368,16940521,16338187,13632230,10994027,11640657,11875878,12133155,12666790,10028324,11126462,9772684,8450318,9394974,9732025,9471821,9209417,9597878,9930617,10645557,9576612,8918984,9662621
"Homescapes",8263358,8550315,10414260,9383397,8538938,8460522,8671952,8653677,7625345,7353691,6647051,7026467,7045027,8915108,11829658,13236967,13756705,13723362,14148861,15447452,15365041,16344224,15818112,16814971
"Clash Royale",11958058,13504001,7972275,9620498,8566478,9223402,6725141,8991200,8756360,8345420,8777777,12135500,7632135,8414671,9361130,11505451,13682077,13276067,15186600,11959284,10354258,8232617,7344305,8654621
"Gardenscapes - New Acres",7897690,7572618,10458707,8546255,8142797,7643201,7555195,7242122,6921297,7385017,6433377,7467611,6290730,5698120,7052145,7963532,8225311,8391928,9813281,9792007,10379158,10769997,11465177,12939577
"DoubleDown Casino",7175738,6675378,8054985,8148315,8255360,7613780,7961487,8203784,8675865,8305861,8260088,8649818,8469915,7444860,7658114,7731551,8513858,8548821,7931980,8513818,8758540,8891578,8901607,10159612
"Toy Blast",9340772,8635782,10702175,9823622,9194362,9322474,9077475,8537740,8017504,7721485,8152531,7704338,7800140,7248038,7642641,7171427,8380048,7298570,7115577,7140074,7552751,7137452,6928381,7064374
"Marvel Contest of Champions",9994725,9504797,8575734,11342732,8425570,9032855,7343371,6112075,6105271,6944942,8521271,8924678,6365305,5770924,7289881,8302142,8240384,6572250,8753262,7053808,6395717,5184820,6849525,9254845
"Game of Thrones: Conquest",2764584,3505430,4206654,4343021,4333552,4351471,4506760,4506830,5207665,4596300,5175714,6553907,6116688,6821797,8483094,9334184,11059004,11311712,11717771,12779118,12266458,9810825,8867602,7961781
"Golf Clash",5030891,6500264,6841394,6246321,7149762,5144684,5062408,5392831,6170017,8181164,7922290,8138217,8153257,7733055,10381451,7933418,7812118,7187008,7184862,6715478,7099700,6156450,4848625,6137484
"Slots - House of Fun",6034110,5744127,7318085,7161958,8207802,7371888,5863225,7342507,7783111,6500837,7331302,7919727,7001828,5747781,6950895,7351082,8198412,7292218,6160697,5711161,6189581,5697398,5374487,5575724
"Big Fish Casino",7256310,7375321,7187094,7107895,7167872,5878681,6148457,6579668,6795972,6337704,6056204,7118310,6515331,6291567,6461110,5926190,6322665,5369410,5997831,5561868,5768892,5573005,5466902,6032687
"Guns of Glory",3936482,5292345,6661804,6602711,6275551,4862208,5881404,6348014,6174344,5635888,5983008,6530391,6640122,6421525,6789447,7424332,7103307,6214227,6999381,7306448,7081564,7269851,5794831,5877875
"Dragon Ball Z Dokkan Battle",4029102,4560135,4036690,7439668,7673841,2508265,10367915,6543091,9399482,5427217,4835888,4172850,6912708,9731018,5520241,3592591,7411758,1903287,11503437,6200177,6943147,3452340,6107250,8322674
"Final Fantasy XV: A New Empire",8636095,10353747,10058328,9503180,8019997,6814208,6721041,7707937,7126700,6686857,7242288,6118741,6074417,5429631,5655222,5509905,4733885,3992530,2799242,2193801,2461991,3029278,2759084,2979191
"PUBG MOBILE",0,0,0,0,0,2193085,3027012,3882320,3161255,3288287,5035105,5538812,6875630,4704484,9353147,8648825,8732375,8431251,12836615,10331500,10478152,8873104,12539211,10594014
"Jackpot Party Casino",4470552,3938591,4443138,4758247,4627150,4001551,4288852,5256002,5374132,5490074,5292498,5881772,5555772,5335731,5670194,5801378,6314491,6113160,6070172,6769751,7757362,7187475,7612364,9076464
"BINGO Blitz",4339240,3774057,5073955,5112481,4825540,4249518,5233285,5317368,4979145,5145518,4928021,5262202,5704731,5890818,6601505,7031940,7031315,6301718,6808018,6624510,6677111,6008458,6504687,6314520
"Heart of Vegas",5789351,5564891,6922600,6921691,6649160,6011667,6258975,5902352,5751558,5558925,5563765,5440360,5274625,4822132,5060107,5472077,5296647,4612660,4573604,4197804,4651030,4761097,4855381,5620042
"Design Home",4359695,4346430,5190280,5047080,4522111,4337805,4929270,4802492,4754825,5104197,5110740,6086070,5690555,4935600,4830537,5314537,5624798,5377915,6048442,6734038,6694125,6335454,6078058,7270854
"Cashman Casino",3872497,3953235,5016184,4898892,5331958,4227567,4926325,5221178,5293617,5667091,5684122,5294274,5036771,4699734,5192778,4702911,5237614,4894918,5329780,5714354,5678437,5839814,6230285,6942938
"Fishdom: Deep Dive",4437850,4502015,5152840,4811117,4853964,5125801,5370378,5270405,5670567,5520795,4935392,4863987,4598081,4504990,4237095,4334411,4389654,4486434,4841715,4745185,4673525,4871391,4048811,5126842
"Matchington Mansion",0,0,0,0,0,0,0,0,0,2064315,3234402,5096754,7128755,9167720,10595658,10697981,10033695,10055652,7608601,7938362,7647362,7113664,6189125,6653892
"World Series of Poker",3910600,3655218,4010221,4065508,4327967,4222127,5001367,4555218,4187344,4213664,4607884,4638695,5355865,5133378,5467397,4910151,5169662,4720248,5127492,5076318,4929080,4337887,4245298,5056510
"Minecraft Pocket Edition",3409642,2976750,3143221,3003875,3135078,3608072,4628647,3927041,3082854,2667028,3267822,5030761,4540454,3678614,3692841,3903202,4459337,5984151,9304101,8162118,7170465,4160047,3850207,6018978
"DoubleU Casino",3907778,3565710,4372031,4183080,4346122,4007127,3939170,4050701,4246001,4279827,4236424,4338675,4594977,4228898,4297960,4312964,4735358,4530998,4234410,4143880,4172802,4184314,3811990,4523754
"Township",2790312,2958395,3551361,3034991,3474672,2840075,3142087,3015445,3260878,3426587,3134701,3826358,3838985,4055435,4677072,4798117,5497964,5173245,5603188,6044454,6652140,5042668,5639842,5407500
"Lords Mobile",4004181,4553051,4976012,4432735,4011472,3777432,4051752,3404992,3690801,4939935,5562298,5136775,4503551,4628034,4704461,5070178,4458745,3906398,3390705,3333424,3465844,2761174,2784987,3713698
"Slots Casino Games by Huuuge",4007151,4040222,4763867,4613048,4367371,3976560,4043597,3716972,4190924,3923635,4115245,4244564,4054505,3719215,3983961,3809580,3815045,3843500,3660782,3709427,4846587,3862184,3886972,4407327
"Empires ; Puzzles",821500,955867,1381214,1448132,1582624,1988968,2200508,3033688,2980181,3373597,4037022,5605867,4630764,5114427,6631167,5866235,5435745,5223285,5710338,5128662,7161484,4566044,4376792,4362332
"Star Wars: Galaxy of Heroes",4940761,4143334,6810258,3965215,4771912,3439847,3451527,3645505,3473325,4223972,2959920,3653178,3394420,3359498,4539277,3798542,2912914,3396381,3213910,2700144,4005354,3194072,2789161,5171387
"Coin Master",0,0,900430,0,970352,897311,1231488,1459718,1593160,1970001,2090938,2284548,3307014,4722297,6238811,6369724,6628887,6678890,6837528,6697384,8316738,6568212,6657965,6968975
"Episode",4391201,2611174,2887511,2755931,2965498,3509501,3931992,3045275,2542320,2986195,3860457,5616797,5392395,3558770,3512585,2971621,3011340,3927250,4169617,4043595,3260558,2634617,3040991,4913988
"Merge Dragons",888050,1183387,1672967,2009574,1843565,1772055,1585731,1403927,1470022,1617877,1876288,2855318,3421417,4071387,4893244,5173667,5412655,5254145,5494208,6065192,6504768,5530264,5815230,5471457
"Choices: Stories You Play",6996290,4626341,5127725,3742261,3357814,3295232,3536267,3416164,3331617,3441444,3782751,4747597,4746398,3322641,3358892,2806505,2542037,2706465,2825602,2451210,2297688,2054377,2068850,2685775
"CSR Racing 2",2670120,3467557,3325772,3880207,3472407,3247661,3771651,3632912,3386528,3466800,3666227,4183110,3613315,4142015,4028317,3583554,3262767,2944030,2856114,3582524,3319201,2789268,2873601,3421047
"King of Avalon: Dragon Warfare",3617354,3092037,3618682,3614722,3709734,3076677,2879642,2806075,2777311,3048091,3324977,3321745,3512545,3506331,3913790,3538015,3801691,3523595,3334578,3285745,3594701,3609878,3172095,3345195
"Angry Birds 2",2807112,2690821,3470514,3531614,3429250,3294218,3164515,3316432,3372258,4136075,4088688,4328298,4072942,3522688,3709347,3466730,3436330,2927427,2711125,3084512,3029988,2383947,2230634,2678450
"Summoners War",3230287,3316764,3821297,3405282,3084405,3135455,3236901,2835467,3514398,3101804,2939984,4024677,2730354,3402510,2928352,3245084,3259750,4028197,2703327,3099482,2894511,2289247,2369787,3246018
"Wizard of Oz Slots Casino",2648882,2775341,3119367,3310241,3173394,2547288,2756921,2938284,3354385,2893158,3119640,3340011,3258575,3138551,3031475,2898648,3117511,3099660,2771910,2720712,3201861,3051565,2881354,3564721
"POP! Slots",2345478,2797131,2883070,2964084,2592824,2657765,3137294,3139357,3290257,3126520,3254572,3293018,3042135,3337481,3317542,3342545,3586490,2826914,2932447,3025525,3091222,2632261,2588868,3236088
"New YAHTZEE With Buddies",1693110,1721581,1851817,2089112,2837655,3201635,3501498,3548510,3346822,3457952,3315331,3266197,3154658,2907578,3257070,3306100,3226644,3095362,3046114,2802544,3324292,3275927,3205182,3641447
"Hay Day",3218948,3040601,3295154,3314455,3350831,2828871,3135607,2801477,2809911,2965675,2707287,3768631,3066832,3673861,3334325,3195457,2984321,2821938,2787600,2695294,2571220,2503354,2124815,2624022
"Caesars Slots",2678821,2574240,3266770,3216581,3252448,2595578,2693107,2745232,2434778,3295844,3255468,2907460,3318295,3213185,3403790,3179115,3380322,3190502,3101672,2765947,2793331,2484132,2336041,2999162
"Jackpot City Slots",1668665,1881210,2296722,2354228,2400191,2195680,2324884,2673428,2739540,2838087,3359974,3750727,3559795,3668344,3997964,3803527,3248267,3280352,3222864,3123247,3146781,2696285,2863110,3096394
"Madden NFL Mobile",7093285,5272014,4500738,3211898,2112960,1675485,0,2931880,3363595,3550765,4791894,4832157,3128727,3052371,1971997,0,0,0,0,0,3315978,4134277,4216248,7021224
"Rise of Kingdoms",0,0,0,0,0,0,0,0,0,2569131,3339732,3810080,4645900,4491421,5018852,5236431,5601638,4730342,3967511,4680658,4803177,5344458,5261877,5357761
"MARVEL Strike Force",0,0,0,1974391,2446311,2344350,2068171,2203081,2620681,2679221,3194934,2831920,3108845,2961180,3217054,3310952,3563404,3790755,3719834,3924931,3668444,4374928,4073207,4643371
"Wordscapes",0,0,0,0,0,0,1913118,2281741,2753964,2829220,2937454,3569320,4577031,4380030,4514684,4147521,3933185,3921881,4030735,4116475,4262300,3910888,3807428,4211448
"Cookie Jam",2653087,2509348,2900681,2818198,2638317,2425494,2578218,2430218,2647144,2568028,2486675,2526142,2729108,2599067,2783860,2781762,2969552,2827978,3035555,3018424,2941075,2783130,2409832,2609147
"Quick Hit Slots by Dragonplay",2338055,2284602,2695212,2705412,2697821,2326351,2594344,2797854,2725027,2760648,2796601,2993738,2758821,2707415,2897461,2709997,2775875,2741710,2619924,2500882,2467965,2390197,2553357,3222685
"Solitaire TriPeaks",1871638,1894347,2321547,2479291,2684641,2464788,2805807,2694340,2831791,2936204,2695995,2809878,3076698,2940657,3390547,2992760,3023274,3126320,2928407,2487974,2536480,2248902,2118960,2454400
"Brawl Stars",0,0,0,0,0,0,0,0,0,0,0,10999057,10711885,8304251,5442611,4284451,4117655,2957274,3507715,2843271,3195181,0,0,3826050
"Hit it Rich",2211030,2421810,2622631,2721075,2518302,2211642,2230395,2404531,2491621,2301661,2195775,2303358,2551367,2598218,2592311,2723372,2953501,2615320,2714258,2629922,2575268,2514002,2230802,2754300
"War Dragons",3544272,3899124,4508800,3340135,3512255,3084984,3023868,2981185,3318627,3046934,3050405,2999647,2984054,2927927,3184518,2614584,2823948,2413790,2354407,0,0,0,0,0
"Gold Fish Casino Slots",2551344,2443997,2725740,2810918,2854590,2344188,2583180,2700300,2414744,2440030,2447405,2659124,2457490,2312197,2430922,2066172,2106595,2261770,2036651,2374224,2479235,2308504,2564005,2613101
"Candy Crush Friends Saga",0,0,0,0,0,0,0,0,0,1811577,4725052,4392585,5093331,4500634,4745567,3974447,4084807,3752924,3797464,3335198,3000345,2938688,2492670,2798561
"8 Ball Pool",2367417,2043494,2137007,1799598,1669582,1744117,1846865,1906472,1906990,1967614,2273805,2616288,3125850,2666028,2853595,2417314,2413222,2428707,2443540,2356904,2287128,1998965,2166980,2879161
"Fate/Grand Order",1958851,1271127,1353580,3133417,1278491,2231132,2843597,2484877,1282711,1596852,1997508,2882551,2839308,2102817,2219455,2000565,1857874,1422057,2924428,2658190,1802667,1933235,1558282,3580815
"Last Shelter: Survival",0,0,0,0,0,0,0,1231192,1290457,1563585,1697534,1776025,2095317,2800407,4052302,3759450,3524225,3123215,3372264,3868042,4237690,4032570,4060668,3861134
"Farm Heroes Saga",2123862,2074331,2425154,2254047,2205662,1979950,2000398,1857598,1749485,1757731,1828090,1913961,2139272,2099987,2141722,2082001,2216402,2209210,2156642,2164497,2281921,2120245,1926542,2132100
"Idle Heroes",1379438,1730837,1843434,1822967,1891002,1897890,1682920,1730775,1956574,1982875,2523417,2667622,2210058,3333897,2630687,2798054,2358950,2639932,1766674,1846438,1618270,1484315,1769044,1966997
"Best Fiends",0,0,0,0,0,1241137,1482264,1694905,1825401,2091324,2076947,2024922,2192185,2441615,2865098,3001721,3246140,3228560,3356271,3493630,3596561,3142638,2955607,3464072
"KONAMI Slots",1796877,1499884,0,0,0,0,1849920,1922818,1993685,2155825,2156528,2250705,2278631,2373020,2646860,2339481,2664482,2605637,2852900,2789765,2854208,2905678,3056815,3391311
"Harry Potter: Hogwarts Mystery",0,0,0,4152331,10018625,2776185,2487092,2160018,2080764,2363242,2071661,1954951,1715105,1969115,1703747,1668204,1920597,2398661,2161771,1689878,2016360,0,0,0
"Fire Emblem Heroes",2579702,3305158,3520205,2431045,3367101,3029107,2778161,3046371,2355624,2513638,1710002,1698615,2139414,2008148,1894364,1914750,1979642,1704945,1438021,1805345,0,0,0,0
"Billionaire Casino",1176405,1341265,1779462,1789378,1971987,1873751,1878608,2061428,2070242,2131222,2120470,2177615,2142361,2050591,2102471,1930542,2068551,2000410,1894372,1786635,2378298,1920741,1983514,2331777
"War and Order",1594687,1891062,2343402,2022501,1985702,1633737,1688081,1822095,1702892,1705920,1937041,2151861,2031047,2006805,2075641,2140368,2211567,2151702,2176280,1934011,1827585,1755658,1656561,2039477
"Star Trek Fleet Command",0,0,0,0,0,0,0,0,0,0,0,2463742,3640084,3953167,4201207,3682565,3614477,3448554,3259700,3512107,3585225,3188832,2983811,3357158
"Bingo Bash",1924274,1812507,2350098,2134902,2105264,1897692,2159138,1932557,1756417,2134140,2261994,2255032,2143302,1964492,2232331,2045227,2246217,1913662,2002122,0,0,1697328,1567461,2244981
"Clash of Kings",2101477,2088721,2255442,2219368,2064468,1548245,1548882,1787498,1402508,1265270,1249914,1275460,1208207,1139718,1318861,2202707,1264447,2694658,3155825,3148965,1963087,2242918,849440,0
"MLB Tap Sports Baseball 2019",0,0,0,0,0,0,0,0,0,0,0,0,0,0,0,4948555,5391764,5106457,5665748,6076958,4514771,3288484,2256230,2419594
"War Robots",1582608,1872691,1932052,1758778,1859612,1751754,1766100,1557705,1307275,1284632,1578522,1832510,0,1686198,0,1723154,1917932,1654062,1796140,1863141,1939404,1811135,1736677,2221064
"Call of Duty: Mobile",0,0,0,0,0,0,0,0,0,0,0,0,0,0,0,0,0,0,0,0,0,17298447,10300452,9276587
"MLB Tap Sports Baseball 2018",0,0,0,3772512,3777307,3831055,4361247,3744331,3206534,2889872,2846340,2424402,2275012,2004238,0,0,0,0,0,0,0,0,0,0
"Mafia City",0,0,0,1045095,1031721,1053084,1291282,1345347,1225230,1368702,1556138,1775217,1806284,1736427,2028280,1837197,1948831,1824451,1871168,1819232,1783061,1822951,1727372,2191711
"Army Men Strike",656790,868775,1312142,1383614,1538238,1468381,1623307,1886908,1579510,1550221,1820042,1923330,1597111,1506860,1561882,1338808,1317605,1423228,1128508,1167387,1109201,1314697,1293884,1577374
"Candy Crush Jelly Saga",2780668,2499537,2904588,2807982,2570598,2520112,2653112,2429065,2426117,2207445,1873230,1916742,1988044,1837692,0,0,0,0,0,0,0,0,0,0
"DRAGON BALL LEGENDS",0,0,0,0,0,1822520,0,0,0,0,1672288,3180351,2164930,1828094,3868602,1936045,0,4999762,0,3286795,0,2174922,2517390,3858317
"Legendary: Game of Heroes",1432251,1554812,1956461,1904810,1827152,1727905,1771625,1924064,1638934,1600322,1693581,1671384,1556661,1581484,1589430,1527850,1433745,0,0,1494928,1533501,1469728,0,0
"Miracle Nikki",1697197,1938881,2106092,2132638,1990321,1873590,1916604,1947758,2028198,1762714,1591855,1931107,1688294,1556577,1889492,1472622,1342097,1503542,0,0,0,0,0,0
"Seekers Notes",2503692,2336690,2731654,2977228,2824148,2489642,2591565,2631542,2483590,2754681,2817084,2865694,0,0,0,0,0,0,0,0,0,0,0,0
"Scatter Slots",1749828,1705450,1976505,1894341,1808672,1762790,1892658,1872065,1740182,1582955,0,0,0,1877555,2135547,2003214,1988710,2046941,1858684,1921650,0,0,0,0
"RAID: Shadow Legends",0,0,0,0,0,0,0,0,0,0,0,0,0,0,0,2262618,2744847,2759842,2923708,3639808,4496318,3493438,3563231,4231177
"Klondike Adventures",0,0,0,0,0,0,0,0,0,0,0,1836264,1977171,2181047,2471712,2788724,2499822,2306031,2378345,2526261,2300994,1986330,1990547,2793588
"Zynga Poker",2016290,1884540,2389464,2252927,1988302,1883504,1774772,1904734,2200034,1571804,1850335,1897400,1768627,1741511,1874850,0,0,0,0,0,0,0,0,0
"Chapters-Interactive stories",0,0,0,0,0,0,0,0,0,0,0,1746408,2134764,2059508,2304142,2314111,2170467,2215877,2208555,2292568,2483118,2268204,2277714,2413258
"Home Design Makeover",0,0,0,0,0,0,1984522,2622135,2884118,2542715,2529372,2652477,3026342,2918181,2806647,2350104,2327674,0,0,0,0,0,0,0
"AFK Arena",0,0,0,0,0,0,0,0,0,0,0,0,0,0,0,1634941,2753591,3374660,3917990,4412355,4255864,3096355,2251510,2924220
"Game of Sultans",0,0,0,0,0,0,0,0,0,1215687,1276567,1362190,1678221,1828382,2329504,2132322,2052515,1882344,1979681,1923727,2164320,1774680,2070045,2221042
"Solitaire - Grand Harvest",0,0,0,0,0,0,0,0,0,0,0,0,0,0,1830971,2098234,2447162,2344761,2725407,2694328,2843214,2797012,2807210,3038702
"Yu-Gi-Oh! Duel Links",1718948,1323880,1166974,1411565,1478687,1172032,0,0,1441064,1427047,1330891,0,1736652,1554187,0,1682571,1975075,1542627,0,0,1688101,1254185,0,0
"Epic Seven",0,0,0,0,0,0,0,0,0,0,1190625,1894347,1685215,2309011,1680091,2182518,2156065,1777418,1108744,1704958,2017101,1045081,1207642,1423048
"June's Journey",0,0,0,0,0,0,0,0,0,0,0,0,0,0,2094852,2018517,2119568,2059720,2332298,2353120,2517464,2373508,2486384,2887011
"Panda Pop",2576138,2376080,2998854,2758011,2288028,2083260,2272371,1914988,1684217,1700567,0,0,0,0,0,0,0,0,0,0,0,0,0,0
"Cash Frenzy",0,0,0,0,0,0,0,0,0,0,0,0,0,0,0,1616260,2290895,2315640,2643014,2637047,2754571,2461455,2494141,3339090
"Pet Rescue Saga",1368314,1379058,1627288,1539230,1382164,1352428,0,0,1285881,1393530,0,1626574,1721071,1573111,1687940,0,1829060,0,1723397,0,0,0,0,0
"The Walking Dead: Road to Survival",1456025,1671787,1785081,1767641,1687997,1531775,1544628,1639111,1561382,1488070,1557897,1544684,1379242,0,0,0,0,0,0,0,0,0,0,0
"Gummy Drop!",2348742,2088552,2368694,2285618,2386091,2184912,2178030,1963615,1840442,0,0,0,0,0,0,0,0,0,0,0,0,0,0,0
"Revenge of Sultans",3840678,4323954,3835842,3859430,3085827,0,0,0,0,0,0,0,0,0,0,0,0,0,0,0,0,0,0,0
"Free Fire",0,0,0,0,0,0,0,0,0,0,0,0,0,0,1076752,1328950,1698080,1828674,1966448,2040972,2120481,2132641,2131755,2598261
"WWE: Champions",1083644,1153984,1322378,1281680,1252914,1104537,1280838,1329891,1150311,1043690,1151002,0,0,0,1355555,1334205,0,0,0,0,0,1223668,0,1338891
"Lightning Link Casino",0,0,0,0,0,0,0,0,0,0,0,0,0,0,0,0,2261061,2130005,2255510,2051745,2442174,2438204,2197798,2583747
"FINAL FANTASY BRAVE EXVIUS",1085401,857667,1155182,984277,1659448,1109654,1045155,1529037,1502061,1071795,1305497,1650407,1194471,988765,0,0,0,0,1064221,0,0,0,0,0
"Board Kings",0,0,0,0,0,0,0,0,0,0,0,1359651,1525548,1351515,1685955,1592122,1735275,1543154,1416611,1310437,1393542,1095772,1046335,1117255
"Sniper 3D Assassin",0,1701748,0,1976204,2058324,1929814,2013558,1846571,1661922,0,0,0,2109530,0,0,0,0,0,0,0,0,0,0,2382414
"Bubble Witch 3 Saga",1528955,1417432,1617277,1450010,1409302,1338108,1381801,1407495,1348904,1319321,1336837,0,0,0,0,0,0,0,0,0,0,0,1359852,0
"Covet Fashion",0,1492232,0,0,0,0,0,0,0,0,0,0,2164915,2228001,2288855,0,0,0,2141701,2285934,2263660,0,1997785,0
"Mario Kart Tour",0,0,0,0,0,0,0,0,0,0,0,0,0,0,0,0,0,0,0,0,2877815,7746927,3183800,2988717
"MARVEL Future Fight",958834,954685,1107057,1216944,1560768,1336038,1162544,1458942,1109937,1058532,1204890,0,0,0,1311677,0,1994505,0,0,0,0,0,0,0
"Lily's Garden",0,0,0,0,0,0,0,0,0,0,0,0,0,0,0,0,0,0,0,2087034,3012198,3241908,3300182,3989324
"Hearthstone: Heroes of Warcraft",1251128,1644218,1806010,2651520,0,0,1535692,2065980,0,0,0,2395190,0,0,0,2108045,0,0,0,0,0,0,0,0
"Free Slots: Hot Vegas Slot Machines",0,0,0,0,0,0,0,0,0,0,0,0,0,0,0,0,1522877,1529874,1810117,1777065,2035098,1897000,1848648,2247205
"Lineage 2 Revolution",2211261,1780752,2043621,1551814,1703955,1455585,1205622,1177384,1070541,0,0,0,0,0,0,0,0,0,0,0,0,0,0,0
"Mobile Strike",2714110,1819341,1710620,1642541,1635031,1421501,1562995,1627292,0,0,0,0,0,0,0,0,0,0,0,0,0,0,0,0
"Hidden City: Mystery of Shadows",1880461,1907624,2237850,2164022,2185152,1842612,1833071,0,0,0,0,0,0,0,0,0,0,0,0,0,0,0,0,0
"Hero Wars",0,0,0,0,0,0,0,0,0,0,0,0,0,0,0,0,0,913647,860187,1329871,1981224,2200788,3435872,3313087
"Word Crossy",0,0,0,1662072,1892562,1811738,2154135,2376720,2272732,1738402,0,0,0,0,0,0,0,0,0,0,0,0,0,0
"Vikings: War of Clans",1325435,1275101,1700325,1477300,1338181,0,0,1329504,1210975,1344762,1411914,0,1476955,0,0,0,0,0,0,0,0,0,0,0
"Pixel Gun 3D",2771738,2321068,2384341,2208122,1987068,2110728,0,0,0,0,0,0,0,0,0,0,0,0,0,0,0,0,0,0
"Cooking Craze",0,1386474,1850144,1759717,1908035,1719162,0,0,1536447,1722612,0,0,0,0,0,0,0,0,0,0,0,0,0,0
"myVEGAS Slots",0,0,0,0,0,0,0,0,0,0,1888518,2214452,2193964,2227101,2334582,0,0,0,0,0,0,0,0,0
"Forge of Empires",1696931,1354242,1632097,0,0,0,0,1541070,1461068,0,0,1894560,0,0,0,0,0,0,0,0,0,0,0,0
"The Wizard of Oz: Magic Match",1510111,1293960,0,1444530,1594055,1560824,1568257,0,0,0,0,0,0,0,0,0,0,0,0,0,0,0,0,0
"GSN Casino",1863132,1694182,1794401,1804764,1768190,0,0,0,0,0,0,0,0,0,0,0,0,0,0,0,0,0,0,0
"Clockmaker",0,0,0,0,0,0,0,0,0,0,0,0,0,0,0,0,0,0,0,0,1851060,2068915,2297481,2678125
"The Sims FreePlay",3009038,2655917,2524578,0,0,0,0,0,0,0,0,0,0,0,0,0,0,0,0,0,0,0,0,0
"Game of War - Fire Age",2369368,1372375,0,0,0,0,0,0,1617557,0,1933460,0,0,0,0,0,0,0,0,0,0,0,0,0
"Last Day on Earth: Survival",1303465,1367601,1680578,1494795,1392384,0,0,0,0,0,0,0,0,0,0,0,0,0,0,0,0,0,0,0
"Brutal Age: Horde Invasion",0,0,0,0,1789847,1652952,1831217,1687837,0,0,0,0,0,0,0,0,0,0,0,0,0,0,0,0
"Merge Magic",0,0,0,0,0,0,0,0,0,0,0,0,0,0,0,0,0,0,0,0,0,1786394,2061180,2239487
"Hustle Castle: Fantasy Kingdom",0,0,0,0,0,0,0,0,0,974788,1204921,1295517,0,1190270,1306091,0,0,0,0,0,0,0,0,0
"Castle Clash",695634,792240,818531,831915,904085,941184,969912,0,0,0,0,0,0,0,0,0,0,0,0,0,0,0,0,0
"Archero",0,0,0,0,0,0,0,0,0,0,0,0,0,0,0,0,0,2009455,0,1886145,1907010,0,0,0
"Jurassic World Alive",0,0,0,0,0,2080664,1739008,1378240,0,0,0,0,0,0,0,0,0,0,0,0,0,0,0,0
"Diner DASH Adventures",0,0,0,0,0,0,0,0,0,0,0,0,0,0,0,0,0,0,2403375,2354525,0,0,0,0
"Evony",1493885,1576738,1580415,0,0,0,0,0,0,0,0,0,0,0,0,0,0,0,0,0,0,0,0,0
"World War Rising",0,0,0,0,0,0,0,0,0,0,0,0,0,0,2225117,1958735,0,0,0,0,0,0,0,0
"Mobile Legends: Bang bang",0,0,0,0,0,0,0,0,0,0,0,0,0,0,0,0,0,0,0,2040425,0,0,0,1923214
"Junior Three Kingdoms",0,0,0,3378914,0,0,0,0,0,0,0,0,0,0,0,0,0,0,0,0,0,0,0,0
"Dragalia Lost",0,0,0,0,0,0,0,0,0,2197818,1097147,0,0,0,0,0,0,0,0,0,0,0,0,0
"Pokémon Masters",0,0,0,0,0,0,0,0,0,0,0,0,0,0,0,0,0,0,0,0,2619657,0,0,0
"Art of Conquest",0,0,0,0,0,0,2518994,0,0,0,0,0,0,0,0,0,0,0,0,0,0,0,0,0
"Rules of Survival",0,0,2151151,0,0,0,0,0,0,0,0,0,0,0,0,0,0,0,0,0,0,0,0,0
"Harry Potter: Wizards Unite",0,0,0,0,0,0,0,0,0,0,0,0,0,0,0,0,0,0,2027135,0,0,0,0,0
"The Sims Mobile",0,0,1927620,0,0,0,0,0,0,0,0,0,0,0,0,0,0,0,0,0,0,0,0,0
"Kim Kardashian: Hollywood",1913110,0,0,0,0,0,0,0,0,0,0,0,0,0,0,0,0,0,0,0,0,0,0,0
"Dragon City",0,0,0,0,0,0,1850135,0,0,0,0,0,0,0,0,0,0,0,0,0,0,0,0,0
"Disney Magic Kingdoms",0,0,0,0,0,0,0,0,1798270,0,0,0,0,0,0,0,0,0,0,0,0,0,0,0
"Cooking Fever",1569561,0,0,0,0,0,0,0,0,0,0,0,0,0,0,0,0,0,0,0,0,0,0,0
"MLB Tap Sports Baseball 2017",1537114,0,0,0,0,0,0,0,0,0,0,0,0,0,0,0,0,0,0,0,0,0,0,0
"Invasion: Modern Empire",0,0,1443047,0,0,0,0,0,0,0,0,0,0,0,0,0,0,0,0,0,0,0,0,0
"WWE SuperCard",0,0,0,0,0,0,0,0,0,0,1435534,0,0,0,0,0,0,0,0,0,0,0,0,0
"Monster Legends",1338438,0,0,0,0,0,0,0,0,0,0,0,0,0,0,0,0,0,0,0,0,0,0,0
"Looney Tunes World of Mayhem",0,0,0,0,0,0,0,0,0,0,0,0,1296802,0,0,0,0,0,0,0,0,0,0,0
"Langrisser",0,0,0,0,0,0,0,0,0,0,0,0,0,1233600,0,0,0,0,0,0,0,0,0,0
"MapleStory M",0,0,0,0,0,0,0,1142118,0,0,0,0,0,0,0,0,0,0,0,0,0,0,0,0
"Battle Warship: Naval Empire",0,0,1018868,0,0,0,0,0,0,0,0,0,0,0,0,0,0,0,0,0,0,0,0,0
"Ark of War",0,778942,0,0,0,0,0,0,0,0,0,0,0,0,0,0,0,0,0,0,0,0,0,0
"Shin Sangokushi",0,0,0,0,0,0,0,0,0,0,0,0,0,0,0,0,0,59545,0,0,0,0,175634,0
